BEGIN
CREATE TABLE
INSERT 0 1102
  rk  |        school        | div |  str  |  ofs  |  dfs  |  sos  
------+----------------------+-----+-------+-------+-------+-------
    1 | UConn                |   1 | 2.220 | 1.516 | 0.683 | 1.079
    2 | Baylor               |   1 | 1.713 | 1.312 | 0.766 | 1.065
    3 | Notre Dame           |   1 | 1.674 | 1.396 | 0.834 | 1.102
    4 | Maryland             |   1 | 1.667 | 1.392 | 0.835 | 1.071
    5 | South Carolina       |   1 | 1.594 | 1.293 | 0.811 | 1.098
    6 | Oregon St.           |   1 | 1.583 | 1.143 | 0.722 | 1.078
    7 | Florida St.          |   1 | 1.578 | 1.294 | 0.820 | 1.060
    8 | Texas                |   1 | 1.521 | 1.246 | 0.819 | 1.068
    9 | Stanford             |   1 | 1.509 | 1.154 | 0.765 | 1.092
   10 | Kentucky             |   1 | 1.502 | 1.263 | 0.841 | 1.079
   11 | Ohio St.             |   1 | 1.499 | 1.489 | 0.993 | 1.113
   12 | UCLA                 |   1 | 1.471 | 1.283 | 0.872 | 1.102
   13 | DePaul               |   1 | 1.470 | 1.378 | 0.937 | 1.076
   14 | Arizona St.          |   1 | 1.470 | 1.102 | 0.749 | 1.092
   15 | Michigan St.         |   1 | 1.467 | 1.266 | 0.863 | 1.084
   16 | Texas A&M            |   1 | 1.449 | 1.227 | 0.847 | 1.088
   17 | Mississippi St.      |   1 | 1.443 | 1.189 | 0.824 | 1.043
   18 | Louisville           |   1 | 1.428 | 1.243 | 0.871 | 1.074
   19 | South Fla.           |   1 | 1.420 | 1.259 | 0.887 | 1.070
   20 | Syracuse             |   1 | 1.417 | 1.233 | 0.870 | 1.068
   21 | Georgia              |   1 | 1.401 | 1.079 | 0.770 | 1.064
   22 | West Virginia        |   1 | 1.395 | 1.149 | 0.824 | 1.053
   23 | Tennessee            |   1 | 1.387 | 1.170 | 0.844 | 1.104
   24 | Oklahoma             |   1 | 1.375 | 1.228 | 0.893 | 1.082
   25 | Duke                 |   1 | 1.362 | 1.155 | 0.848 | 1.069
   26 | Miami (FL)           |   1 | 1.360 | 1.180 | 0.868 | 1.052
   27 | Green Bay            |   1 | 1.359 | 1.050 | 0.773 | 1.025
   28 | Southern California  |   1 | 1.357 | 1.162 | 0.857 | 1.077
   29 | Washington           |   1 | 1.353 | 1.241 | 0.918 | 1.084
   30 | Princeton            |   1 | 1.352 | 1.193 | 0.882 | 1.014
   31 | Oklahoma St.         |   1 | 1.344 | 1.111 | 0.827 | 1.068
   32 | Missouri             |   1 | 1.344 | 1.128 | 0.839 | 1.049
   33 | Rutgers              |   1 | 1.331 | 1.052 | 0.790 | 1.095
   34 | Michigan             |   1 | 1.327 | 1.304 | 0.983 | 1.078
   35 | Florida              |   1 | 1.326 | 1.352 | 1.019 | 1.069
   36 | Purdue               |   1 | 1.326 | 1.128 | 0.851 | 1.087
   37 | Oregon               |   1 | 1.314 | 1.210 | 0.921 | 1.059
   38 | James Madison        |   1 | 1.314 | 1.146 | 0.872 | 1.015
   39 | Vanderbilt           |   1 | 1.293 | 1.062 | 0.822 | 1.054
   40 | Seton Hall           |   1 | 1.288 | 1.236 | 0.960 | 1.063
   41 | Northwestern         |   1 | 1.287 | 1.204 | 0.935 | 1.074
   42 | Albany (NY)          |   1 | 1.285 | 1.134 | 0.883 | 0.989
   43 | Indiana              |   1 | 1.280 | 1.187 | 0.928 | 1.086
   44 | Temple               |   1 | 1.276 | 1.163 | 0.912 | 1.057
   45 | St. John's (NY)      |   1 | 1.276 | 1.128 | 0.884 | 1.058
   46 | Nebraska             |   1 | 1.273 | 1.208 | 0.949 | 1.067
   47 | Iowa                 |   1 | 1.260 | 1.208 | 0.959 | 1.086
   48 | Ohio                 |   1 | 1.260 | 1.121 | 0.890 | 1.016
   49 | Villanova            |   1 | 1.259 | 1.036 | 0.823 | 1.058
   50 | Georgia Tech         |   1 | 1.255 | 1.166 | 0.929 | 1.047
   51 | George Washington    |   1 | 1.253 | 1.205 | 0.961 | 1.032
   52 | Kansas St.           |   1 | 1.253 | 1.101 | 0.878 | 1.070
   53 | Duquesne             |   1 | 1.249 | 1.191 | 0.953 | 1.012
   54 | Colorado St.         |   1 | 1.248 | 1.069 | 0.857 | 0.965
   55 | TCU                  |   1 | 1.248 | 1.213 | 0.972 | 1.060
   56 | Army West Point      |   1 | 1.243 | 1.086 | 0.874 | 0.955
   57 | California           |   1 | 1.241 | 1.139 | 0.918 | 1.096
   58 | South Dakota St.     |   1 | 1.240 | 1.104 | 0.890 | 1.017
   59 | St. Bonaventure      |   1 | 1.233 | 1.021 | 0.828 | 1.023
   60 | Dayton               |   1 | 1.229 | 1.168 | 0.950 | 1.065
   61 | North Carolina St.   |   1 | 1.228 | 1.107 | 0.901 | 1.062
   62 | Minnesota            |   1 | 1.225 | 1.341 | 1.095 | 1.059
   63 | South Dakota         |   1 | 1.222 | 1.173 | 0.960 | 1.002
   64 | BYU                  |   1 | 1.220 | 1.118 | 0.917 | 1.040
   65 | Virginia Tech        |   1 | 1.220 | 0.968 | 0.793 | 1.042
   66 | FGCU                 |   1 | 1.220 | 0.982 | 0.805 | 0.985
   67 | Penn                 |   1 | 1.217 | 1.014 | 0.834 | 1.006
   68 | Auburn               |   1 | 1.213 | 1.050 | 0.866 | 1.056
   69 | Washington St.       |   1 | 1.200 | 1.104 | 0.920 | 1.087
   70 | Iowa St.             |   1 | 1.198 | 1.130 | 0.943 | 1.055
   71 | Arkansas St.         |   1 | 1.197 | 1.159 | 0.968 | 0.978
   72 | Georgetown           |   1 | 1.189 | 1.106 | 0.930 | 1.047
   73 | Tulane               |   1 | 1.188 | 1.104 | 0.929 | 1.048
   74 | Utah                 |   1 | 1.187 | 1.160 | 0.977 | 1.085
   75 | Gonzaga              |   1 | 1.184 | 1.015 | 0.857 | 1.024
   76 | Maine                |   1 | 1.182 | 0.971 | 0.822 | 0.988
   77 | Virginia             |   1 | 1.182 | 1.083 | 0.917 | 1.063
   78 | Illinois             |   1 | 1.182 | 1.149 | 0.973 | 1.083
   79 | Creighton            |   1 | 1.179 | 1.070 | 0.907 | 1.049
   80 | Penn St.             |   1 | 1.177 | 1.175 | 0.998 | 1.087
   81 | Saint Louis          |   1 | 1.177 | 1.145 | 0.973 | 1.000
   82 | Drake                |   1 | 1.176 | 1.287 | 1.095 | 1.014
   83 | Alabama              |   1 | 1.172 | 1.051 | 0.896 | 1.023
   84 | San Diego            |   1 | 1.172 | 1.065 | 0.909 | 1.009
   85 | Middle Tenn.         |   1 | 1.171 | 1.105 | 0.943 | 1.018
   86 | Western Ky.          |   1 | 1.171 | 1.135 | 0.969 | 1.006
   87 | Boston College       |   1 | 1.169 | 1.017 | 0.870 | 1.048
   88 | Santa Clara          |   1 | 1.167 | 1.019 | 0.873 | 1.022
   89 | Marquette            |   1 | 1.165 | 1.313 | 1.128 | 1.069
   90 | Hofstra              |   1 | 1.163 | 1.060 | 0.911 | 0.999
   91 | VCU                  |   1 | 1.161 | 1.022 | 0.880 | 0.998
   92 | UC Riverside         |   1 | 1.161 | 1.254 | 1.080 | 1.013
   93 | UNI                  |   1 | 1.159 | 1.025 | 0.884 | 1.019
   94 | Ball St.             |   1 | 1.156 | 1.080 | 0.935 | 1.008
   95 | St. Mary's (CA)      |   1 | 1.155 | 1.176 | 1.018 | 1.030
   96 | Drexel               |   1 | 1.147 | 1.007 | 0.878 | 1.031
   97 | UT Martin            |   1 | 1.142 | 1.126 | 0.986 | 0.996
   98 | UTEP                 |   1 | 1.141 | 1.097 | 0.961 | 0.984
   99 | Wright St.           |   1 | 1.141 | 1.160 | 1.016 | 0.987
  100 | Central Mich.        |   1 | 1.140 | 1.160 | 1.017 | 1.007
  101 | Idaho                |   1 | 1.134 | 1.093 | 0.964 | 0.989
  102 | LSU                  |   1 | 1.132 | 0.969 | 0.856 | 1.089
  103 | Missouri St.         |   1 | 1.126 | 1.149 | 1.020 | 1.027
  104 | Memphis              |   1 | 1.122 | 1.053 | 0.939 | 1.056
  105 | Lubbock Christian    |   2 | 1.117 | 1.088 | 0.974 | 0.864
  106 | SMU                  |   1 | 1.106 | 1.008 | 0.911 | 1.058
  107 | Arkansas             |   1 | 1.105 | 1.020 | 0.923 | 1.068
  108 | North Carolina       |   1 | 1.105 | 1.135 | 1.027 | 1.058
  109 | Pittsburgh           |   1 | 1.103 | 0.988 | 0.895 | 1.056
  110 | Jacksonville         |   1 | 1.103 | 0.986 | 0.893 | 0.974
  111 | Wisconsin            |   1 | 1.100 | 1.062 | 0.965 | 1.095
  112 | Ole Miss             |   1 | 1.100 | 1.073 | 0.975 | 1.038
  113 | IUPUI                |   1 | 1.097 | 1.010 | 0.920 | 0.983
  114 | Little Rock          |   1 | 1.096 | 0.940 | 0.857 | 1.005
  115 | East Carolina        |   1 | 1.094 | 1.129 | 1.031 | 1.049
  116 | Hawaii               |   1 | 1.093 | 0.998 | 0.912 | 1.010
  117 | Belmont              |   1 | 1.091 | 1.094 | 1.002 | 0.973
  118 | Alas. Anchorage      |   2 | 1.086 | 1.075 | 0.990 | 0.876
  119 | San Francisco        |   1 | 1.085 | 1.096 | 1.010 | 1.002
  120 | Eastern Mich.        |   1 | 1.085 | 1.084 | 0.999 | 1.004
  121 | Arizona              |   1 | 1.084 | 0.962 | 0.887 | 1.075
  122 | Chattanooga          |   1 | 1.082 | 0.889 | 0.822 | 1.014
  123 | Wake Forest          |   1 | 1.081 | 1.030 | 0.953 | 1.052
  124 | Yale                 |   1 | 1.079 | 1.038 | 0.962 | 1.014
  125 | Western Mich.        |   1 | 1.074 | 1.039 | 0.968 | 1.006
  126 | UAB                  |   1 | 1.072 | 0.949 | 0.885 | 0.989
  127 | Texas Tech           |   1 | 1.071 | 1.035 | 0.966 | 1.056
  128 | Saint Joseph's       |   1 | 1.070 | 1.027 | 0.960 | 1.053
  129 | Charlotte            |   1 | 1.069 | 1.214 | 1.135 | 1.006
  130 | Elon                 |   1 | 1.068 | 1.018 | 0.953 | 1.006
  131 | New Mexico St.       |   1 | 1.068 | 1.061 | 0.993 | 0.967
  132 | Montana St.          |   1 | 1.068 | 1.092 | 1.022 | 0.966
  133 | Northern Ky.         |   1 | 1.067 | 1.107 | 1.037 | 0.993
  134 | Colorado             |   1 | 1.066 | 1.067 | 1.000 | 1.095
  135 | Iona                 |   1 | 1.062 | 0.991 | 0.933 | 0.985
  136 | Boise St.            |   1 | 1.060 | 1.069 | 1.008 | 0.989
  137 | Xavier               |   1 | 1.056 | 0.962 | 0.911 | 1.021
  138 | Bucknell             |   1 | 1.052 | 1.025 | 0.974 | 0.971
  139 | Southern Ill.        |   1 | 1.051 | 1.060 | 1.009 | 0.995
  140 | Fresno St.           |   1 | 1.048 | 0.968 | 0.924 | 0.987
  141 | Pacific              |   1 | 1.045 | 1.067 | 1.021 | 1.006
  142 | Sacramento St.       |   1 | 1.044 | 1.354 | 1.297 | 1.011
  143 | Quinnipiac           |   1 | 1.043 | 1.042 | 0.999 | 0.977
  144 | Samford              |   1 | 1.041 | 0.848 | 0.814 | 0.970
  145 | Abilene Christian    |   1 | 1.041 | 1.088 | 1.045 | 0.947
  146 | New Mexico           |   1 | 1.035 | 0.943 | 0.911 | 0.992
  147 | Harvard              |   1 | 1.034 | 1.089 | 1.053 | 1.011
  148 | Weber St.            |   1 | 1.033 | 0.951 | 0.920 | 0.968
  149 | Marshall             |   1 | 1.033 | 1.080 | 1.046 | 0.985
  150 | Toledo               |   1 | 1.032 | 1.052 | 1.020 | 1.013
  151 | Butler               |   1 | 1.030 | 0.991 | 0.962 | 1.057
  152 | La.-Lafayette        |   1 | 1.029 | 0.953 | 0.926 | 0.977
  153 | Delaware             |   1 | 1.028 | 0.949 | 0.923 | 0.999
  154 | Loyola Chicago       |   1 | 1.027 | 1.030 | 1.003 | 1.019
  155 | Louisiana Tech       |   1 | 1.026 | 1.065 | 1.038 | 0.998
  156 | Tulsa                |   1 | 1.024 | 1.014 | 0.991 | 1.057
  157 | Stony Brook          |   1 | 1.024 | 0.950 | 0.928 | 0.983
  158 | Mercer               |   1 | 1.024 | 0.959 | 0.937 | 0.968
  159 | UC Davis             |   1 | 1.023 | 1.030 | 1.006 | 0.981
  160 | Winona St.           |   2 | 1.022 | 0.977 | 0.956 | 0.895
  161 | Akron                |   1 | 1.022 | 1.104 | 1.080 | 1.009
  162 | Indiana St.          |   1 | 1.019 | 0.927 | 0.910 | 1.000
  163 | Grand Valley St.     |   2 | 1.017 | 1.010 | 0.993 | 0.903
  164 | George Mason         |   1 | 1.012 | 1.049 | 1.036 | 1.028
  165 | Long Beach St.       |   1 | 1.012 | 0.952 | 0.941 | 0.986
  166 | Fordham              |   1 | 1.012 | 0.876 | 0.866 | 1.022
  167 | UT Arlington         |   1 | 1.009 | 0.904 | 0.895 | 0.990
  168 | San Jose St.         |   1 | 1.006 | 1.159 | 1.152 | 1.007
  169 | UNLV                 |   1 | 1.005 | 0.945 | 0.941 | 0.982
  170 | Ashland              |   2 | 1.004 | 1.028 | 1.024 | 0.887
  171 | Montana              |   1 | 1.003 | 0.984 | 0.981 | 0.976
  172 | Eastern Wash.        |   1 | 1.002 | 1.067 | 1.064 | 0.985
  173 | Rhode Island         |   1 | 1.002 | 0.936 | 0.934 | 1.007
  174 | Northern Colo.       |   1 | 1.001 | 0.953 | 0.953 | 0.993
  175 | North Dakota         |   1 | 1.000 | 0.972 | 0.972 | 1.020
  176 | Amherst              |   3 | 0.999 | 0.856 | 0.857 | 0.794
  177 | Emporia St.          |   2 | 0.998 | 1.058 | 1.060 | 0.911
  178 | Buffalo              |   1 | 0.998 | 0.933 | 0.935 | 1.002
  179 | Oral Roberts         |   1 | 0.997 | 0.913 | 0.916 | 1.025
  180 | Utah Valley          |   1 | 0.994 | 1.018 | 1.024 | 0.985
  181 | Milwaukee            |   1 | 0.994 | 0.988 | 0.994 | 0.992
  182 | Utah St.             |   1 | 0.994 | 1.065 | 1.071 | 0.999
  183 | Southern Miss.       |   1 | 0.993 | 0.937 | 0.943 | 1.004
  184 | Central Ark.         |   1 | 0.993 | 0.885 | 0.891 | 0.924
  185 | Old Dominion         |   1 | 0.989 | 0.963 | 0.974 | 1.008
  186 | Northeastern         |   1 | 0.988 | 0.988 | 0.999 | 1.017
  187 | Mo. Western St.      |   2 | 0.987 | 1.142 | 1.157 | 0.908
  188 | Youngstown St.       |   1 | 0.987 | 1.005 | 1.019 | 0.982
  189 | Lehigh               |   1 | 0.987 | 1.014 | 1.028 | 0.958
  190 | Wyoming              |   1 | 0.986 | 0.991 | 1.005 | 0.981
  191 | Cal Poly             |   1 | 0.984 | 0.972 | 0.988 | 1.000
  192 | Marist               |   1 | 0.981 | 0.992 | 1.011 | 0.994
  193 | UNC Asheville        |   1 | 0.979 | 0.997 | 1.018 | 0.931
  194 | Loyola Marymount     |   1 | 0.977 | 1.068 | 1.093 | 1.014
  195 | UTRGV                |   1 | 0.976 | 0.937 | 0.960 | 0.978
  196 | Brown                |   1 | 0.975 | 1.007 | 1.033 | 0.948
  197 | Liberty              |   1 | 0.975 | 0.950 | 0.974 | 0.979
  198 | Pittsburg St.        |   2 | 0.970 | 1.064 | 1.097 | 0.919
  199 | Fort Hays St.        |   2 | 0.970 | 0.969 | 0.999 | 0.915
  200 | Lewis                |   2 | 0.970 | 0.974 | 1.003 | 0.887
  201 | Stetson              |   1 | 0.968 | 1.009 | 1.043 | 0.964
  202 | SIUE                 |   1 | 0.966 | 1.084 | 1.123 | 0.983
  203 | Idaho St.            |   1 | 0.966 | 0.932 | 0.965 | 0.993
  204 | Michigan Tech        |   2 | 0.965 | 0.974 | 1.009 | 0.891
  205 | Ill.-Chicago         |   1 | 0.963 | 0.930 | 0.966 | 0.989
  206 | Massachusetts        |   1 | 0.963 | 1.016 | 1.054 | 1.017
  207 | Eastern Ky.          |   1 | 0.959 | 1.043 | 1.088 | 0.971
  208 | Troy                 |   1 | 0.958 | 1.248 | 1.303 | 0.967
  209 | Radford              |   1 | 0.957 | 0.894 | 0.934 | 0.947
  210 | North Texas          |   1 | 0.957 | 0.942 | 0.984 | 1.008
  211 | Oakland              |   1 | 0.956 | 1.128 | 1.180 | 0.983
  212 | Western Ill.         |   1 | 0.955 | 1.154 | 1.208 | 0.986
  213 | Fairfield            |   1 | 0.955 | 0.910 | 0.952 | 0.968
  214 | CSU Bakersfield      |   1 | 0.954 | 0.994 | 1.042 | 1.020
  215 | Davidson             |   1 | 0.954 | 0.970 | 1.017 | 1.018
  216 | Azusa Pacific        |   2 | 0.952 | 1.025 | 1.076 | 0.863
  217 | William & Mary       |   1 | 0.952 | 0.973 | 1.022 | 0.984
  218 | Richmond             |   1 | 0.951 | 0.893 | 0.940 | 1.016
  219 | Robert Morris        |   1 | 0.948 | 0.915 | 0.965 | 0.952
  220 | Kansas               |   1 | 0.947 | 0.923 | 0.974 | 1.086
  221 | Cornell              |   1 | 0.945 | 0.954 | 1.009 | 0.981
  222 | Manhattan            |   1 | 0.944 | 0.955 | 1.011 | 0.967
  223 | Canisius             |   1 | 0.943 | 0.948 | 1.005 | 0.979
  224 | Sioux Falls          |   2 | 0.943 | 1.014 | 1.074 | 0.903
  225 | Holy Cross           |   1 | 0.943 | 0.962 | 1.021 | 0.980
  226 | Drury                |   2 | 0.941 | 1.045 | 1.110 | 0.900
  227 | Virginia Union       |   2 | 0.941 | 1.144 | 1.216 | 0.856
  228 | Presbyterian         |   1 | 0.938 | 0.880 | 0.938 | 0.946
  229 | Bryant               |   1 | 0.938 | 1.007 | 1.074 | 0.953
  230 | Arkansas Tech        |   2 | 0.937 | 1.056 | 1.127 | 0.861
  231 | UC Santa Barbara     |   1 | 0.937 | 0.945 | 1.008 | 0.989
  232 | Hampton              |   1 | 0.936 | 0.934 | 0.998 | 0.992
  233 | UTSA                 |   1 | 0.935 | 0.936 | 1.002 | 0.985
  234 | Omaha                |   1 | 0.935 | 0.957 | 1.024 | 0.991
  235 | Cincinnati           |   1 | 0.935 | 0.938 | 1.004 | 1.080
  236 | Grand Canyon         |   1 | 0.934 | 0.923 | 0.989 | 0.976
  237 | UCF                  |   1 | 0.933 | 1.021 | 1.094 | 1.044
  238 | UMBC                 |   1 | 0.933 | 0.898 | 0.962 | 0.973
  239 | Rice                 |   1 | 0.932 | 0.892 | 0.957 | 1.018
  240 | Houston              |   1 | 0.932 | 0.904 | 0.970 | 1.039
  241 | American Int'l       |   2 | 0.929 | 0.917 | 0.987 | 0.876
  242 | Bowling Green        |   1 | 0.927 | 0.920 | 0.993 | 1.003
  243 | California Baptist   |   2 | 0.926 | 1.087 | 1.173 | 0.848
  244 | Fla. Atlantic        |   1 | 0.926 | 1.055 | 1.139 | 1.006
  245 | Gardner-Webb         |   1 | 0.924 | 0.949 | 1.027 | 0.953
  246 | Columbia             |   1 | 0.922 | 1.041 | 1.128 | 0.979
  247 | UC San Diego         |   2 | 0.922 | 1.027 | 1.115 | 0.880
  248 | Detroit              |   1 | 0.922 | 1.051 | 1.140 | 1.009
  249 | Northern Ill.        |   1 | 0.921 | 1.034 | 1.122 | 0.984
  250 | Col. of Charleston   |   1 | 0.920 | 0.897 | 0.975 | 1.013
  251 | Thomas More          |   3 | 0.920 | 1.021 | 1.110 | 0.742
  252 | Southeast Mo. St.    |   1 | 0.919 | 1.010 | 1.100 | 0.973
  253 | Pepperdine           |   1 | 0.917 | 1.022 | 1.114 | 1.021
  254 | West Tex. A&M        |   2 | 0.915 | 0.939 | 1.027 | 0.859
  255 | Austin Peay          |   1 | 0.914 | 1.030 | 1.127 | 0.992
  256 | Columbus St.         |   2 | 0.911 | 0.965 | 1.059 | 0.875
  257 | USC Upstate          |   1 | 0.910 | 0.953 | 1.047 | 0.951
  258 | N.C. A&T             |   1 | 0.909 | 0.939 | 1.033 | 0.932
  259 | New Hampshire        |   1 | 0.909 | 0.928 | 1.022 | 0.981
  260 | Stephen F. Austin    |   1 | 0.907 | 0.962 | 1.061 | 0.955
  261 | MSU Moorhead         |   2 | 0.905 | 0.931 | 1.029 | 0.904
  262 | Texas Southern       |   1 | 0.902 | 0.845 | 0.937 | 0.911
  263 | Limestone            |   2 | 0.901 | 0.969 | 1.076 | 0.829
  264 | Navy                 |   1 | 0.901 | 0.832 | 0.923 | 0.952
  265 | Towson               |   1 | 0.900 | 0.994 | 1.105 | 1.000
  266 | Providence           |   1 | 0.900 | 0.933 | 1.036 | 1.050
  267 | American             |   1 | 0.899 | 0.852 | 0.947 | 0.994
  268 | San Diego St.        |   1 | 0.897 | 0.901 | 1.005 | 1.004
  269 | ETSU                 |   1 | 0.897 | 0.917 | 1.022 | 0.969
  270 | Washburn             |   2 | 0.897 | 0.894 | 0.996 | 0.919
  271 | Bentley              |   2 | 0.894 | 0.968 | 1.083 | 0.894
  272 | Sacred Heart         |   1 | 0.894 | 0.969 | 1.084 | 0.952
  273 | UNCW                 |   1 | 0.894 | 0.893 | 0.999 | 1.010
  274 | IPFW                 |   1 | 0.893 | 0.990 | 1.109 | 0.994
  275 | Binghamton           |   1 | 0.890 | 0.869 | 0.976 | 0.945
  276 | Dartmouth            |   1 | 0.889 | 0.856 | 0.964 | 0.987
  277 | Northern St.         |   2 | 0.887 | 0.913 | 1.030 | 0.905
  278 | Southern U.          |   1 | 0.884 | 0.900 | 1.018 | 0.930
  279 | Saint Francis (PA)   |   1 | 0.883 | 1.122 | 1.270 | 0.953
  280 | Monmouth             |   1 | 0.882 | 1.005 | 1.140 | 0.969
  281 | South Ala.           |   1 | 0.882 | 0.841 | 0.954 | 0.976
  282 | Cleveland St.        |   1 | 0.881 | 0.926 | 1.052 | 0.994
  283 | Furman               |   1 | 0.881 | 0.964 | 1.094 | 0.961
  284 | Miami (OH)           |   1 | 0.880 | 0.901 | 1.024 | 0.999
  285 | Benedict             |   2 | 0.880 | 0.949 | 1.078 | 0.836
  286 | Augustana (SD)       |   2 | 0.878 | 1.001 | 1.140 | 0.901
  287 | Wichita St.          |   1 | 0.878 | 0.823 | 0.938 | 1.002
  288 | Seattle              |   1 | 0.877 | 0.952 | 1.084 | 0.993
  289 | Valparaiso           |   1 | 0.876 | 0.957 | 1.092 | 1.024
  290 | Siena                |   1 | 0.876 | 0.885 | 1.010 | 0.968
  291 | Cal St. East Bay     |   2 | 0.875 | 0.857 | 0.980 | 0.861
  292 | La Salle             |   1 | 0.874 | 0.941 | 1.077 | 1.015
  293 | Northern Ariz.       |   1 | 0.874 | 0.976 | 1.117 | 0.991
  294 | Walsh                |   2 | 0.873 | 0.940 | 1.076 | 0.893
  295 | Mo. Southern St.     |   2 | 0.871 | 0.887 | 1.018 | 0.924
  296 | Appalachian St.      |   1 | 0.871 | 1.011 | 1.161 | 0.977
  297 | Delta St.            |   2 | 0.870 | 0.811 | 0.932 | 0.866
  298 | Bethune-Cookman      |   1 | 0.870 | 0.870 | 1.000 | 0.928
  299 | Bradley              |   1 | 0.870 | 0.877 | 1.008 | 0.986
  300 | California (PA)      |   2 | 0.868 | 0.965 | 1.112 | 0.880
  301 | Northwestern St.     |   1 | 0.868 | 0.874 | 1.006 | 0.958
  302 | Union (TN)           |   2 | 0.867 | 0.979 | 1.128 | 0.853
  303 | Minn.-Crookston      |   2 | 0.867 | 1.008 | 1.163 | 0.895
  304 | Saginaw Valley       |   2 | 0.866 | 0.955 | 1.103 | 0.897
  305 | Kent St.             |   1 | 0.864 | 0.961 | 1.112 | 0.997
  306 | Tennessee St.        |   1 | 0.864 | 0.928 | 1.074 | 0.978
  307 | Clemson              |   1 | 0.864 | 0.873 | 1.010 | 1.051
  308 | Neb.-Kearney         |   2 | 0.862 | 0.933 | 1.083 | 0.923
  309 | Clayton St.          |   2 | 0.861 | 0.979 | 1.137 | 0.881
  310 | Tennessee Tech       |   1 | 0.861 | 0.925 | 1.073 | 0.983
  311 | Indiana (PA)         |   2 | 0.861 | 0.952 | 1.106 | 0.878
  312 | Black Hills St.      |   2 | 0.861 | 0.891 | 1.035 | 0.870
  313 | Morehead St.         |   1 | 0.860 | 1.160 | 1.349 | 0.958
  314 | Francis Marion       |   2 | 0.858 | 0.950 | 1.108 | 0.877
  315 | West Liberty         |   2 | 0.858 | 1.002 | 1.167 | 0.856
  316 | Jacksonville St.     |   1 | 0.858 | 0.810 | 0.945 | 0.951
  317 | Texas St.            |   1 | 0.858 | 0.986 | 1.149 | 0.986
  318 | McNeese St.          |   1 | 0.858 | 1.032 | 1.203 | 0.949
  319 | Tufts                |   3 | 0.857 | 0.781 | 0.911 | 0.821
  320 | Bellarmine           |   2 | 0.857 | 1.032 | 1.204 | 0.873
  321 | CSUN                 |   1 | 0.857 | 0.972 | 1.134 | 1.003
  322 | Quincy               |   2 | 0.856 | 1.000 | 1.169 | 0.901
  323 | Central Okla.        |   2 | 0.855 | 0.957 | 1.120 | 0.901
  324 | Ursuline             |   2 | 0.855 | 1.027 | 1.202 | 0.819
  325 | Southwest Baptist    |   2 | 0.855 | 0.994 | 1.164 | 0.923
  326 | Western Wash.        |   2 | 0.853 | 0.915 | 1.072 | 0.875
  327 | UMKC                 |   1 | 0.852 | 0.885 | 1.039 | 0.970
  328 | Lamar                |   1 | 0.849 | 0.980 | 1.154 | 0.934
  329 | Gannon               |   2 | 0.848 | 0.930 | 1.098 | 0.883
  330 | Loyola Maryland      |   1 | 0.847 | 0.850 | 1.003 | 0.971
  331 | Ohio Dominican       |   2 | 0.846 | 0.975 | 1.153 | 0.893
  332 | Central Conn. St.    |   1 | 0.844 | 0.861 | 1.021 | 0.967
  333 | High Point           |   1 | 0.844 | 0.973 | 1.153 | 0.963
  334 | North Dakota St.     |   1 | 0.843 | 0.981 | 1.163 | 0.991
  335 | Lander               |   2 | 0.843 | 1.016 | 1.205 | 0.873
  336 | Murray St.           |   1 | 0.842 | 0.980 | 1.163 | 0.955
  337 | Houston Baptist      |   1 | 0.841 | 0.925 | 1.100 | 0.940
  338 | St. Anselm           |   2 | 0.840 | 0.891 | 1.060 | 0.895
  339 | FIU                  |   1 | 0.839 | 0.963 | 1.147 | 1.010
  340 | Hartford             |   1 | 0.839 | 0.789 | 0.940 | 0.994
  341 | Truman               |   2 | 0.839 | 0.857 | 1.022 | 0.892
  342 | Colo. Christian      |   2 | 0.838 | 0.930 | 1.110 | 0.861
  343 | Fla. Southern        |   2 | 0.838 | 0.984 | 1.174 | 0.874
  344 | Sam Houston St.      |   1 | 0.837 | 0.938 | 1.121 | 0.974
  345 | Wayne St. (NE)       |   2 | 0.837 | 0.927 | 1.108 | 0.911
  346 | Nova Southeastern    |   2 | 0.836 | 0.996 | 1.191 | 0.880
  347 | West Chester         |   2 | 0.835 | 0.963 | 1.153 | 0.870
  348 | Northwood (MI)       |   2 | 0.835 | 1.004 | 1.202 | 0.900
  349 | Tampa                |   2 | 0.834 | 0.878 | 1.053 | 0.893
  350 | Central Mo.          |   2 | 0.832 | 0.953 | 1.146 | 0.936
  351 | Colorado St.-Pueblo  |   2 | 0.830 | 0.896 | 1.080 | 0.864
  352 | Wingate              |   2 | 0.830 | 0.912 | 1.099 | 0.860
  353 | Florida Tech         |   2 | 0.830 | 0.863 | 1.040 | 0.890
  354 | Kennesaw St.         |   1 | 0.829 | 0.898 | 1.084 | 0.960
  355 | Coppin St.           |   1 | 0.828 | 0.940 | 1.136 | 0.956
  356 | Texas Woman's        |   2 | 0.828 | 0.910 | 1.099 | 0.880
  357 | Illinois St.         |   1 | 0.828 | 0.878 | 1.061 | 1.000
  358 | La.-Monroe           |   1 | 0.827 | 0.841 | 1.017 | 0.967
  359 | Rider                |   1 | 0.827 | 0.909 | 1.099 | 0.979
  360 | Vermont              |   1 | 0.827 | 0.889 | 1.076 | 0.969
  361 | Georgia St.          |   1 | 0.826 | 0.944 | 1.143 | 0.968
  362 | Cal St. Dom. Hills   |   2 | 0.826 | 0.997 | 1.207 | 0.894
  363 | Fort Lewis           |   2 | 0.824 | 0.949 | 1.152 | 0.863
  364 | Shaw                 |   2 | 0.824 | 1.004 | 1.218 | 0.850
  365 | Ark.-Fort Smith      |   2 | 0.823 | 0.937 | 1.139 | 0.868
  366 | Bowdoin              |   3 | 0.821 | 0.896 | 1.092 | 0.815
  367 | Denver               |   1 | 0.821 | 0.830 | 1.011 | 1.008
  368 | Nevada               |   1 | 0.821 | 0.904 | 1.101 | 0.994
  369 | Fairleigh Dickinson  |   1 | 0.820 | 0.969 | 1.182 | 0.956
  370 | Angelo St.           |   2 | 0.820 | 1.043 | 1.272 | 0.871
  371 | Carson-Newman        |   2 | 0.819 | 0.957 | 1.169 | 0.872
  372 | Stonehill            |   2 | 0.817 | 0.911 | 1.114 | 0.896
  373 | Edinboro             |   2 | 0.816 | 0.914 | 1.120 | 0.874
  374 | Anderson (SC)        |   2 | 0.816 | 0.917 | 1.123 | 0.864
  375 | Mont. St. Billings   |   2 | 0.815 | 0.855 | 1.049 | 0.889
  376 | Lafayette            |   1 | 0.815 | 0.908 | 1.115 | 0.962
  377 | Shippensburg         |   2 | 0.813 | 0.952 | 1.171 | 0.867
  378 | Wheeling Jesuit      |   2 | 0.813 | 0.848 | 1.043 | 0.852
  379 | Colorado Mesa        |   2 | 0.813 | 0.862 | 1.060 | 0.867
  380 | UNCG                 |   1 | 0.811 | 0.989 | 1.219 | 0.955
  381 | Evansville           |   1 | 0.810 | 0.872 | 1.077 | 1.005
  382 | Colgate              |   1 | 0.810 | 0.912 | 1.127 | 0.994
  383 | Grambling            |   1 | 0.810 | 0.937 | 1.156 | 0.945
  384 | Wofford              |   1 | 0.810 | 0.924 | 1.141 | 0.959
  385 | Franklin Pierce      |   2 | 0.809 | 0.901 | 1.113 | 0.899
  386 | Florida A&M          |   1 | 0.808 | 0.935 | 1.158 | 0.922
  387 | Central Wash.        |   2 | 0.808 | 0.828 | 1.025 | 0.877
  388 | Tarleton St.         |   2 | 0.807 | 0.891 | 1.103 | 0.880
  389 | Tex. A&M-Commerce    |   2 | 0.806 | 0.932 | 1.155 | 0.880
  390 | Millersville         |   2 | 0.804 | 0.856 | 1.065 | 0.868
  391 | St. Cloud St.        |   2 | 0.804 | 0.902 | 1.122 | 0.912
  392 | Academy of Art       |   2 | 0.804 | 1.067 | 1.326 | 0.861
  393 | Portland             |   1 | 0.804 | 0.920 | 1.145 | 1.029
  394 | Assumption           |   2 | 0.804 | 0.880 | 1.095 | 0.896
  395 | Simon Fraser         |   2 | 0.803 | 0.943 | 1.173 | 0.886
  396 | Wis.-Parkside        |   2 | 0.802 | 0.900 | 1.121 | 0.885
  397 | St. Joseph's (IN)    |   2 | 0.802 | 0.900 | 1.122 | 0.893
  398 | Lee                  |   2 | 0.802 | 0.948 | 1.183 | 0.866
  399 | Mt. St. Mary's       |   1 | 0.802 | 0.842 | 1.050 | 0.936
  400 | UMass Lowell         |   1 | 0.802 | 0.936 | 1.167 | 0.988
  401 | Cal St. San B'dino   |   2 | 0.800 | 0.886 | 1.108 | 0.887
  402 | Niagara              |   1 | 0.800 | 0.877 | 1.096 | 0.973
  403 | UC-Colo. Springs     |   2 | 0.800 | 0.992 | 1.241 | 0.873
  404 | Le Moyne             |   2 | 0.799 | 0.840 | 1.052 | 0.889
  405 | Regis (CO)           |   2 | 0.798 | 0.908 | 1.138 | 0.874
  406 | Concordia-St. Paul   |   2 | 0.798 | 1.015 | 1.272 | 0.902
  407 | Western Caro.        |   1 | 0.797 | 0.929 | 1.166 | 0.969
  408 | Alabama St.          |   1 | 0.797 | 0.870 | 1.091 | 0.894
  409 | Coastal Caro.        |   1 | 0.797 | 0.863 | 1.083 | 0.948
  410 | NYIT                 |   2 | 0.797 | 0.931 | 1.168 | 0.850
  411 | Harding              |   2 | 0.795 | 0.919 | 1.156 | 0.864
  412 | Bloomfield           |   2 | 0.794 | 0.839 | 1.057 | 0.825
  413 | Ga. Southern         |   1 | 0.793 | 0.810 | 1.021 | 0.973
  414 | Findlay              |   2 | 0.793 | 0.948 | 1.196 | 0.883
  415 | Palm Beach Atl.      |   2 | 0.793 | 0.872 | 1.099 | 0.893
  416 | New Haven            |   2 | 0.792 | 0.915 | 1.156 | 0.890
  417 | Eastern Ill.         |   1 | 0.792 | 0.901 | 1.138 | 0.983
  418 | Southern Conn. St.   |   2 | 0.792 | 0.905 | 1.142 | 0.880
  419 | King (TN)            |   2 | 0.792 | 0.895 | 1.130 | 0.837
  420 | Ohio Northern        |   3 | 0.791 | 0.865 | 1.094 | 0.804
  421 | Adelphi              |   2 | 0.788 | 0.853 | 1.083 | 0.887
  422 | Queens (NY)          |   2 | 0.787 | 0.856 | 1.087 | 0.855
  423 | Charleston So.       |   1 | 0.786 | 0.833 | 1.059 | 0.934
  424 | A&M-Corpus Christi   |   1 | 0.786 | 0.876 | 1.115 | 0.948
  425 | Campbell             |   1 | 0.786 | 0.862 | 1.098 | 0.932
  426 | Chowan               |   2 | 0.785 | 0.893 | 1.138 | 0.865
  427 | Notre Dame (OH)      |   2 | 0.785 | 0.953 | 1.214 | 0.868
  428 | Cameron              |   2 | 0.784 | 0.918 | 1.171 | 0.893
  429 | Southern Utah        |   1 | 0.783 | 0.890 | 1.136 | 1.001
  430 | UMES                 |   1 | 0.783 | 0.847 | 1.083 | 0.948
  431 | North Georgia        |   2 | 0.782 | 0.921 | 1.177 | 0.878
  432 | Saint Rose           |   2 | 0.782 | 0.861 | 1.101 | 0.878
  433 | U New England        |   3 | 0.781 | 0.854 | 1.093 | 0.767
  434 | Hawaii Pacific       |   2 | 0.780 | 0.856 | 1.097 | 0.858
  435 | Winthrop             |   1 | 0.780 | 0.852 | 1.093 | 0.973
  436 | Morgan St.           |   1 | 0.780 | 0.817 | 1.048 | 0.961
  437 | Newberry             |   2 | 0.779 | 0.868 | 1.114 | 0.876
  438 | Lipscomb             |   1 | 0.778 | 0.949 | 1.220 | 0.960
  439 | Glenville St.        |   2 | 0.777 | 1.117 | 1.439 | 0.844
  440 | Scranton             |   3 | 0.777 | 0.851 | 1.095 | 0.781
  441 | Hope                 |   3 | 0.777 | 0.904 | 1.163 | 0.743
  442 | Cedarville           |   2 | 0.775 | 0.860 | 1.110 | 0.836
  443 | Cal St. Fullerton    |   1 | 0.775 | 0.851 | 1.099 | 0.988
  444 | Mary                 |   2 | 0.774 | 0.910 | 1.177 | 0.902
  445 | Lindenwood (MO)      |   2 | 0.774 | 0.964 | 1.245 | 0.925
  446 | Dominican (CA)       |   2 | 0.774 | 1.033 | 1.335 | 0.847
  447 | Southwestern Okla.   |   2 | 0.774 | 1.048 | 1.354 | 0.874
  448 | LIU Brooklyn         |   1 | 0.774 | 0.849 | 1.096 | 0.942
  449 | Lincoln Memorial     |   2 | 0.774 | 0.903 | 1.166 | 0.868
  450 | South Carolina St.   |   1 | 0.773 | 0.817 | 1.057 | 0.921
  451 | Augusta              |   2 | 0.773 | 0.951 | 1.230 | 0.868
  452 | Southern Ark.        |   2 | 0.773 | 0.954 | 1.235 | 0.865
  453 | Portland St.         |   1 | 0.773 | 1.022 | 1.323 | 1.009
  454 | Prairie View         |   1 | 0.771 | 0.858 | 1.113 | 0.920
  455 | UC Irvine            |   1 | 0.771 | 0.874 | 1.134 | 1.005
  456 | Eckerd               |   2 | 0.770 | 0.867 | 1.127 | 0.874
  457 | Southern Ind.        |   2 | 0.770 | 0.896 | 1.164 | 0.883
  458 | Nicholls St.         |   1 | 0.770 | 0.906 | 1.176 | 0.928
  459 | Chicago St.          |   1 | 0.770 | 0.807 | 1.048 | 0.986
  460 | Point Loma           |   2 | 0.770 | 0.872 | 1.133 | 0.865
  461 | Barry                |   2 | 0.769 | 0.905 | 1.178 | 0.873
  462 | St. Francis Brooklyn |   1 | 0.768 | 0.842 | 1.096 | 0.944
  463 | Saint Peter's        |   1 | 0.768 | 0.799 | 1.040 | 0.972
  464 | Rockhurst            |   2 | 0.767 | 0.895 | 1.167 | 0.893
  465 | Minn. St. Mankato    |   2 | 0.766 | 0.953 | 1.243 | 0.923
  466 | Armstrong St.        |   2 | 0.765 | 0.882 | 1.152 | 0.888
  467 | Georgia College      |   2 | 0.763 | 0.850 | 1.114 | 0.867
  468 | West Florida         |   2 | 0.761 | 0.892 | 1.172 | 0.869
  469 | Shorter              |   2 | 0.760 | 0.834 | 1.098 | 0.866
  470 | St. Mary's (TX)      |   2 | 0.760 | 0.906 | 1.192 | 0.865
  471 | Fairmont St.         |   2 | 0.758 | 0.877 | 1.157 | 0.847
  472 | Washington-St. Louis |   3 | 0.758 | 0.838 | 1.106 | 0.812
  473 | Colorado Mines       |   2 | 0.757 | 0.824 | 1.089 | 0.855
  474 | Philadelphia U.      |   2 | 0.755 | 0.847 | 1.122 | 0.844
  475 | Mo.-St. Louis        |   2 | 0.754 | 0.837 | 1.110 | 0.898
  476 | Okla. Baptist        |   2 | 0.754 | 0.938 | 1.245 | 0.876
  477 | Catawba              |   2 | 0.754 | 0.916 | 1.215 | 0.866
  478 | Wagner               |   1 | 0.754 | 0.893 | 1.184 | 0.961
  479 | Howard               |   1 | 0.753 | 0.962 | 1.277 | 0.957
  480 | Stanislaus St.       |   2 | 0.753 | 0.877 | 1.164 | 0.873
  481 | Southern N.H.        |   2 | 0.753 | 0.860 | 1.143 | 0.885
  482 | Northwest Nazarene   |   2 | 0.750 | 0.983 | 1.312 | 0.896
  483 | Rochester (NY)       |   3 | 0.749 | 0.849 | 1.134 | 0.819
  484 | Emmanuel (GA)        |   2 | 0.749 | 0.908 | 1.213 | 0.842
  485 | Mercyhurst           |   2 | 0.749 | 0.841 | 1.124 | 0.885
  486 | Tex. A&M Int'l       |   2 | 0.748 | 0.845 | 1.130 | 0.867
  487 | North Florida        |   1 | 0.746 | 0.844 | 1.131 | 0.983
  488 | Incarnate Word       |   1 | 0.746 | 0.819 | 1.098 | 0.936
  489 | Roberts Wesleyan     |   2 | 0.746 | 0.897 | 1.202 | 0.825
  490 | Holy Family          |   2 | 0.745 | 0.902 | 1.211 | 0.843
  491 | Caldwell             |   2 | 0.745 | 0.968 | 1.298 | 0.835
  492 | Johnson C. Smith     |   2 | 0.744 | 0.859 | 1.155 | 0.862
  493 | Seattle Pacific      |   2 | 0.744 | 0.816 | 1.097 | 0.889
  494 | St. Thomas Aquinas   |   2 | 0.743 | 0.819 | 1.102 | 0.846
  495 | Merrimack            |   2 | 0.742 | 0.831 | 1.120 | 0.896
  496 | St. Thomas (MN)      |   3 | 0.742 | 0.867 | 1.169 | 0.794
  497 | Bloomsburg           |   2 | 0.741 | 0.914 | 1.233 | 0.876
  498 | East Stroudsburg     |   2 | 0.741 | 0.887 | 1.197 | 0.874
  499 | Mary Washington      |   3 | 0.739 | 0.765 | 1.035 | 0.756
  500 | Delaware St.         |   1 | 0.738 | 0.888 | 1.203 | 0.946
  501 | Minot St.            |   2 | 0.738 | 0.877 | 1.188 | 0.911
  502 | UIndy                |   2 | 0.738 | 0.847 | 1.148 | 0.906
  503 | Dist. Columbia       |   2 | 0.738 | 0.876 | 1.186 | 0.842
  504 | Southeastern Okla.   |   2 | 0.737 | 0.883 | 1.197 | 0.866
  505 | Ga. Southwestern     |   2 | 0.736 | 0.849 | 1.153 | 0.884
  506 | Wis.-Oshkosh         |   3 | 0.736 | 0.796 | 1.081 | 0.785
  507 | Rollins              |   2 | 0.736 | 0.849 | 1.154 | 0.893
  508 | Alcorn               |   1 | 0.735 | 0.878 | 1.195 | 0.924
  509 | Tusculum             |   2 | 0.733 | 0.817 | 1.115 | 0.869
  510 | MSU Denver           |   2 | 0.733 | 0.869 | 1.185 | 0.878
  511 | Saint Michael's      |   2 | 0.733 | 0.881 | 1.202 | 0.895
  512 | Southeastern La.     |   1 | 0.732 | 0.941 | 1.285 | 0.968
  513 | Lincoln (PA)         |   2 | 0.732 | 0.866 | 1.184 | 0.869
  514 | Mars Hill            |   2 | 0.732 | 0.910 | 1.244 | 0.872
  515 | Wayne St. (MI)       |   2 | 0.731 | 0.930 | 1.272 | 0.886
  516 | UVa-Wise             |   2 | 0.731 | 0.905 | 1.238 | 0.870
  517 | William Jewell       |   2 | 0.727 | 0.841 | 1.158 | 0.908
  518 | S.C. Aiken           |   2 | 0.726 | 0.821 | 1.132 | 0.891
  519 | Okla. Christian      |   2 | 0.726 | 0.971 | 1.337 | 0.885
  520 | George Fox           |   3 | 0.725 | 0.895 | 1.235 | 0.778
  521 | New Orleans          |   1 | 0.724 | 0.836 | 1.155 | 0.940
  522 | Slippery Rock        |   2 | 0.724 | 0.903 | 1.247 | 0.881
  523 | Wheaton (IL)         |   3 | 0.722 | 0.813 | 1.126 | 0.795
  524 | Claflin              |   2 | 0.722 | 0.765 | 1.060 | 0.853
  525 | Norfolk St.          |   1 | 0.722 | 0.881 | 1.220 | 0.941
  526 | Wis.-Whitewater      |   3 | 0.722 | 0.847 | 1.173 | 0.801
  527 | West Virginia St.    |   2 | 0.720 | 0.910 | 1.264 | 0.869
  528 | Mount Olive          |   2 | 0.717 | 0.852 | 1.189 | 0.834
  529 | Eastern N.M.         |   2 | 0.717 | 0.862 | 1.202 | 0.878
  530 | Pace                 |   2 | 0.716 | 0.804 | 1.123 | 0.888
  531 | Texas-Tyler          |   3 | 0.716 | 0.972 | 1.358 | 0.772
  532 | Chris. Newport       |   3 | 0.716 | 0.820 | 1.145 | 0.749
  533 | P.R.-Bayamon         |   2 | 0.716 | 0.793 | 1.107 | 0.851
  534 | Minn. Duluth         |   2 | 0.715 | 0.834 | 1.168 | 0.910
  535 | Kentucky St.         |   2 | 0.715 | 0.869 | 1.216 | 0.830
  536 | Seton Hill           |   2 | 0.715 | 0.796 | 1.113 | 0.880
  537 | Flagler              |   2 | 0.715 | 0.849 | 1.188 | 0.886
  538 | Cal St. L.A.         |   2 | 0.714 | 0.887 | 1.243 | 0.891
  539 | Hillsdale            |   2 | 0.713 | 0.905 | 1.269 | 0.886
  540 | Albright             |   3 | 0.712 | 0.852 | 1.197 | 0.780
  541 | Livingstone          |   2 | 0.712 | 0.891 | 1.251 | 0.859
  542 | Cal Poly Pomona      |   2 | 0.712 | 0.810 | 1.136 | 0.893
  543 | Kutztown             |   2 | 0.711 | 0.907 | 1.274 | 0.878
  544 | Ky. Wesleyan         |   2 | 0.710 | 0.803 | 1.130 | 0.830
  545 | Marymount (VA)       |   3 | 0.710 | 0.708 | 0.996 | 0.765
  546 | Savannah St.         |   1 | 0.709 | 0.724 | 1.021 | 0.965
  547 | Maryville (MO)       |   2 | 0.709 | 0.901 | 1.272 | 0.881
  548 | Moravian             |   3 | 0.709 | 0.921 | 1.299 | 0.791
  549 | Boston U.            |   1 | 0.708 | 0.816 | 1.153 | 0.968
  550 | Connecticut Col.     |   3 | 0.707 | 0.895 | 1.265 | 0.796
  551 | NJIT                 |   1 | 0.707 | 0.743 | 1.050 | 0.959
  552 | Northern Mich.       |   2 | 0.707 | 0.781 | 1.104 | 0.899
  553 | Henderson St.        |   2 | 0.707 | 0.895 | 1.265 | 0.874
  554 | Chico St.            |   2 | 0.707 | 0.832 | 1.177 | 0.850
  555 | Pitt.-Johnstown      |   2 | 0.706 | 0.888 | 1.258 | 0.888
  556 | DePauw               |   3 | 0.706 | 0.764 | 1.082 | 0.775
  557 | Ala.-Huntsville      |   2 | 0.706 | 0.827 | 1.171 | 0.860
  558 | St. Norbert          |   3 | 0.706 | 0.803 | 1.137 | 0.745
  559 | Lock Haven           |   2 | 0.706 | 0.794 | 1.125 | 0.865
  560 | McKendree            |   2 | 0.705 | 0.736 | 1.043 | 0.876
  561 | SUNY Geneseo         |   3 | 0.704 | 0.733 | 1.040 | 0.763
  562 | Fayetteville St.     |   2 | 0.704 | 0.848 | 1.206 | 0.861
  563 | Capital              |   3 | 0.703 | 0.768 | 1.093 | 0.794
  564 | Longwood             |   1 | 0.703 | 0.852 | 1.211 | 0.932
  565 | Missouri S&T         |   2 | 0.703 | 0.787 | 1.119 | 0.898
  566 | Young Harris         |   2 | 0.702 | 0.723 | 1.030 | 0.894
  567 | Newman               |   2 | 0.702 | 0.793 | 1.130 | 0.892
  568 | Humboldt St.         |   2 | 0.702 | 0.861 | 1.226 | 0.876
  569 | Dominican (NY)       |   2 | 0.702 | 0.849 | 1.210 | 0.838
  570 | Air Force            |   1 | 0.699 | 0.773 | 1.106 | 0.999
  571 | Muhlenberg           |   3 | 0.699 | 0.887 | 1.269 | 0.757
  572 | Tiffin               |   2 | 0.698 | 0.840 | 1.203 | 0.897
  573 | Babson               |   3 | 0.697 | 0.867 | 1.245 | 0.781
  574 | Montclair St.        |   3 | 0.696 | 0.787 | 1.131 | 0.778
  575 | NYU                  |   3 | 0.695 | 0.829 | 1.194 | 0.812
  576 | Virginia St.         |   2 | 0.695 | 0.768 | 1.104 | 0.846
  577 | Jackson St.          |   1 | 0.694 | 0.849 | 1.224 | 0.911
  578 | Molloy               |   2 | 0.694 | 0.807 | 1.162 | 0.860
  579 | St. Edward's         |   2 | 0.694 | 0.825 | 1.189 | 0.887
  580 | Carnegie Mellon      |   3 | 0.694 | 0.900 | 1.296 | 0.799
  581 | Westminster (UT)     |   2 | 0.694 | 0.775 | 1.117 | 0.872
  582 | Winston-Salem        |   2 | 0.693 | 0.759 | 1.095 | 0.847
  583 | UNC Pembroke         |   2 | 0.693 | 0.798 | 1.152 | 0.885
  584 | Wis.-Stevens Point   |   3 | 0.692 | 0.776 | 1.121 | 0.813
  585 | Northwest Mo. St.    |   2 | 0.692 | 0.766 | 1.107 | 0.926
  586 | Alas. Fairbanks      |   2 | 0.692 | 0.904 | 1.305 | 0.881
  587 | Lynn                 |   2 | 0.692 | 0.852 | 1.231 | 0.900
  588 | Lenoir-Rhyne         |   2 | 0.691 | 0.780 | 1.129 | 0.872
  589 | Chadron St.          |   2 | 0.688 | 0.844 | 1.227 | 0.885
  590 | Montevallo           |   2 | 0.687 | 0.809 | 1.178 | 0.882
  591 | Upper Iowa           |   2 | 0.686 | 0.819 | 1.195 | 0.922
  592 | Lebanon Valley       |   3 | 0.686 | 0.768 | 1.119 | 0.786
  593 | East Central         |   2 | 0.686 | 0.733 | 1.067 | 0.874
  594 | Emory                |   3 | 0.685 | 0.815 | 1.189 | 0.808
  595 | Wis.-River Falls     |   3 | 0.684 | 0.876 | 1.281 | 0.802
  596 | Wilmington (DE)      |   2 | 0.683 | 0.921 | 1.349 | 0.826
  597 | Rogers St.           |   2 | 0.683 | 0.756 | 1.107 | 0.867
  598 | Emmanuel (MA)        |   3 | 0.683 | 0.825 | 1.207 | 0.755
  599 | USciences            |   2 | 0.682 | 0.733 | 1.074 | 0.847
  600 | Bemidji St.          |   2 | 0.682 | 0.838 | 1.229 | 0.884
  601 | Clarion              |   2 | 0.682 | 0.851 | 1.249 | 0.893
  602 | Wartburg             |   3 | 0.681 | 0.825 | 1.212 | 0.790
  603 | Chicago              |   3 | 0.681 | 0.856 | 1.258 | 0.823
  604 | Denison              |   3 | 0.680 | 0.701 | 1.032 | 0.785
  605 | Luther               |   3 | 0.679 | 0.852 | 1.255 | 0.787
  606 | West Ga.             |   2 | 0.678 | 0.769 | 1.134 | 0.874
  607 | Valdosta St.         |   2 | 0.677 | 0.748 | 1.105 | 0.868
  608 | Calvin               |   3 | 0.677 | 0.916 | 1.352 | 0.773
  609 | Ark.-Monticello      |   2 | 0.675 | 0.836 | 1.239 | 0.868
  610 | Bluffton             |   3 | 0.675 | 0.818 | 1.213 | 0.759
  611 | Cal St. San Marcos   |   2 | 0.674 | 0.775 | 1.151 | 0.887
  612 | Concordia Portland   |   2 | 0.674 | 0.791 | 1.174 | 0.897
  613 | Northeastern St.     |   2 | 0.674 | 0.753 | 1.118 | 0.912
  614 | Eastern Conn. St.    |   3 | 0.673 | 0.763 | 1.133 | 0.790
  615 | WPI                  |   3 | 0.673 | 0.695 | 1.033 | 0.732
  616 | Albany St. (GA)      |   2 | 0.671 | 0.803 | 1.197 | 0.854
  617 | South Dakota Mines   |   2 | 0.670 | 0.793 | 1.183 | 0.873
  618 | Keene St.            |   3 | 0.669 | 0.824 | 1.233 | 0.761
  619 | Mount Union          |   3 | 0.668 | 0.847 | 1.267 | 0.795
  620 | Charleston (WV)      |   2 | 0.667 | 0.781 | 1.170 | 0.870
  621 | Messiah              |   3 | 0.667 | 0.780 | 1.170 | 0.787
  622 | Embry-Riddle (FL)    |   2 | 0.667 | 0.781 | 1.172 | 0.893
  623 | Maryville (TN)       |   3 | 0.666 | 0.759 | 1.139 | 0.750
  624 | Stevens              |   3 | 0.666 | 0.775 | 1.164 | 0.764
  625 | Southwest Minn. St.  |   2 | 0.665 | 0.833 | 1.253 | 0.924
  626 | Gust. Adolphus       |   3 | 0.664 | 0.827 | 1.246 | 0.785
  627 | Malone               |   2 | 0.664 | 0.835 | 1.257 | 0.892
  628 | Lake Erie            |   2 | 0.664 | 0.754 | 1.136 | 0.880
  629 | DeSales              |   3 | 0.663 | 0.826 | 1.246 | 0.773
  630 | Chestnut Hill        |   2 | 0.662 | 0.845 | 1.277 | 0.834
  631 | Rose-Hulman          |   3 | 0.661 | 0.708 | 1.072 | 0.769
  632 | LIU Post             |   2 | 0.661 | 0.790 | 1.195 | 0.863
  633 | Miles                |   2 | 0.660 | 0.787 | 1.191 | 0.840
  634 | Williams             |   3 | 0.659 | 0.805 | 1.223 | 0.812
  635 | Gettysburg           |   3 | 0.659 | 0.767 | 1.164 | 0.743
  636 | Fort Valley St.      |   2 | 0.659 | 0.788 | 1.195 | 0.858
  637 | Birmingham-So.       |   3 | 0.658 | 0.758 | 1.152 | 0.751
  638 | Urbana               |   2 | 0.658 | 1.005 | 1.528 | 0.872
  639 | West Ala.            |   2 | 0.657 | 0.851 | 1.294 | 0.864
  640 | Bethel (MN)          |   3 | 0.653 | 0.845 | 1.294 | 0.785
  641 | Stockton             |   3 | 0.653 | 0.777 | 1.190 | 0.767
  642 | Bowie St.            |   2 | 0.652 | 0.768 | 1.178 | 0.866
  643 | Spring Hill          |   2 | 0.651 | 0.781 | 1.199 | 0.833
  644 | Trinity (TX)         |   3 | 0.651 | 0.757 | 1.163 | 0.773
  645 | Colby                |   3 | 0.650 | 0.780 | 1.199 | 0.813
  646 | Coker                |   2 | 0.650 | 0.840 | 1.293 | 0.869
  647 | North Ala.           |   2 | 0.649 | 0.861 | 1.326 | 0.877
  648 | Shepherd             |   2 | 0.649 | 0.914 | 1.409 | 0.884
  649 | N.C. Central         |   1 | 0.648 | 0.726 | 1.121 | 0.926
  650 | SUNY New Paltz       |   3 | 0.647 | 0.817 | 1.262 | 0.762
  651 | Elizabethtown        |   3 | 0.647 | 0.791 | 1.222 | 0.798
  652 | Southern Nazarene    |   2 | 0.646 | 0.859 | 1.330 | 0.870
  653 | Saint Leo            |   2 | 0.646 | 0.792 | 1.227 | 0.891
  654 | Cal St. Monterey Bay |   2 | 0.645 | 0.751 | 1.164 | 0.862
  655 | Saint Mary's (MN)    |   3 | 0.645 | 0.859 | 1.331 | 0.771
  656 | Wis.-Eau Claire      |   3 | 0.644 | 0.783 | 1.215 | 0.826
  657 | Ouachita Baptist     |   2 | 0.644 | 0.838 | 1.300 | 0.877
  658 | Erskine              |   2 | 0.644 | 0.871 | 1.353 | 0.842
  659 | Ill.-Springfield     |   2 | 0.644 | 0.787 | 1.222 | 0.864
  660 | Dixie St.            |   2 | 0.643 | 0.901 | 1.400 | 0.868
  661 | West Va. Wesleyan    |   2 | 0.643 | 0.871 | 1.356 | 0.867
  662 | Sonoma St.           |   2 | 0.643 | 0.759 | 1.181 | 0.863
  663 | Catholic             |   3 | 0.643 | 0.810 | 1.260 | 0.776
  664 | Bridgeport           |   2 | 0.641 | 0.800 | 1.249 | 0.868
  665 | Christian Bros.      |   2 | 0.641 | 0.768 | 1.199 | 0.868
  666 | Paine                |   2 | 0.640 | 0.862 | 1.348 | 0.850
  667 | Lincoln (MO)         |   2 | 0.640 | 0.831 | 1.299 | 0.915
  668 | Puget Sound          |   3 | 0.640 | 0.889 | 1.390 | 0.789
  669 | Baldwin Wallace      |   3 | 0.639 | 0.737 | 1.154 | 0.799
  670 | Ark.-Pine Bluff      |   1 | 0.639 | 0.798 | 1.248 | 0.937
  671 | Clark Atlanta        |   2 | 0.638 | 0.849 | 1.330 | 0.855
  672 | Saint Martin's       |   2 | 0.638 | 0.807 | 1.265 | 0.908
  673 | MIT                  |   3 | 0.637 | 0.742 | 1.165 | 0.763
  674 | Lake Superior St.    |   2 | 0.637 | 0.729 | 1.145 | 0.894
  675 | BYU-Hawaii           |   2 | 0.637 | 0.837 | 1.313 | 0.859
  676 | UMass Dartmouth      |   3 | 0.637 | 0.833 | 1.307 | 0.775
  677 | Rowan                |   3 | 0.635 | 0.919 | 1.446 | 0.761
  678 | P.R.-Mayaguez        |   2 | 0.635 | 0.770 | 1.212 | 0.890
  679 | Union (NY)           |   3 | 0.635 | 0.727 | 1.146 | 0.761
  680 | Tex. A&M-Kingsville  |   2 | 0.634 | 0.754 | 1.189 | 0.885
  681 | Trine                |   3 | 0.634 | 0.762 | 1.203 | 0.777
  682 | Ferris St.           |   2 | 0.633 | 0.781 | 1.234 | 0.901
  683 | Davis & Elkins       |   2 | 0.633 | 0.833 | 1.316 | 0.846
  684 | Concordia Wisconsin  |   3 | 0.632 | 0.745 | 1.178 | 0.749
  685 | Mississippi Col.     |   2 | 0.632 | 0.820 | 1.296 | 0.866
  686 | St. John Fisher      |   3 | 0.631 | 0.816 | 1.293 | 0.745
  687 | Goldey-Beacom        |   2 | 0.631 | 0.811 | 1.285 | 0.857
  688 | Midwestern St.       |   2 | 0.630 | 0.770 | 1.221 | 0.904
  689 | Ill. Wesleyan        |   3 | 0.630 | 0.838 | 1.329 | 0.812
  690 | Daemen               |   2 | 0.630 | 0.864 | 1.372 | 0.842
  691 | Lynchburg            |   3 | 0.629 | 0.759 | 1.207 | 0.749
  692 | Stevenson            |   3 | 0.628 | 0.766 | 1.221 | 0.792
  693 | Concordia-M'head     |   3 | 0.628 | 0.752 | 1.197 | 0.779
  694 | Barton               |   2 | 0.627 | 0.841 | 1.341 | 0.828
  695 | Whitworth            |   3 | 0.626 | 0.764 | 1.220 | 0.793
  696 | Whitman              |   3 | 0.626 | 0.752 | 1.201 | 0.785
  697 | Claremont-M-S        |   3 | 0.626 | 0.704 | 1.124 | 0.743
  698 | Buena Vista          |   3 | 0.626 | 0.909 | 1.453 | 0.793
  699 | North Central (IL)   |   3 | 0.625 | 1.129 | 1.807 | 0.786
  700 | Southern Me.         |   3 | 0.624 | 0.725 | 1.162 | 0.782
  701 | San Fran. St.        |   2 | 0.624 | 0.697 | 1.116 | 0.875
  702 | Trevecca Nazarene    |   2 | 0.624 | 0.822 | 1.317 | 0.869
  703 | Central St. (OH)     |   2 | 0.622 | 0.797 | 1.283 | 0.840
  704 | Loras                |   3 | 0.622 | 0.796 | 1.280 | 0.806
  705 | Clarkson             |   3 | 0.622 | 0.770 | 1.237 | 0.760
  706 | Western Ore.         |   2 | 0.622 | 0.722 | 1.161 | 0.899
  707 | FDU-Florham          |   3 | 0.621 | 0.814 | 1.310 | 0.749
  708 | Ithaca               |   3 | 0.620 | 0.775 | 1.249 | 0.758
  709 | Cornell College      |   3 | 0.620 | 0.738 | 1.191 | 0.737
  710 | Simpson              |   3 | 0.619 | 0.795 | 1.284 | 0.800
  711 | Brandeis             |   3 | 0.619 | 0.745 | 1.205 | 0.815
  712 | North Park           |   3 | 0.618 | 0.762 | 1.232 | 0.783
  713 | Pfeiffer             |   2 | 0.618 | 0.728 | 1.178 | 0.849
  714 | Franklin             |   3 | 0.618 | 0.703 | 1.136 | 0.779
  715 | Alderson Broaddus    |   2 | 0.617 | 0.893 | 1.446 | 0.838
  716 | Western N.M.         |   2 | 0.616 | 0.754 | 1.225 | 0.863
  717 | Otterbein            |   3 | 0.616 | 0.851 | 1.382 | 0.801
  718 | Cal Lutheran         |   3 | 0.615 | 0.825 | 1.341 | 0.753
  719 | La Roche             |   3 | 0.614 | 0.835 | 1.360 | 0.712
  720 | RIT                  |   3 | 0.614 | 0.836 | 1.362 | 0.772
  721 | Wis.-Superior        |   3 | 0.612 | 0.820 | 1.340 | 0.723
  722 | Elmhurst             |   3 | 0.612 | 0.831 | 1.359 | 0.803
  723 | Johnson & Wales (RI) |   3 | 0.611 | 0.753 | 1.233 | 0.728
  724 | LeTourneau           |   3 | 0.611 | 0.827 | 1.354 | 0.790
  725 | Elizabeth City St.   |   2 | 0.611 | 0.759 | 1.243 | 0.870
  726 | Transylvania         |   3 | 0.610 | 0.844 | 1.383 | 0.773
  727 | Mansfield            |   2 | 0.609 | 0.820 | 1.348 | 0.872
  728 | Susquehanna          |   3 | 0.609 | 0.785 | 1.289 | 0.774
  729 | Wis.-Stout           |   3 | 0.608 | 0.861 | 1.416 | 0.806
  730 | Augsburg             |   3 | 0.607 | 0.724 | 1.192 | 0.775
  731 | North Greenville     |   2 | 0.607 | 0.746 | 1.229 | 0.844
  732 | Castleton            |   3 | 0.607 | 0.684 | 1.126 | 0.697
  733 | Brevard              |   2 | 0.606 | 0.812 | 1.339 | 0.871
  734 | Cheyney              |   2 | 0.606 | 0.747 | 1.232 | 0.882
  735 | Piedmont             |   3 | 0.605 | 0.810 | 1.340 | 0.726
  736 | Saint Benedict       |   3 | 0.605 | 0.708 | 1.171 | 0.778
  737 | Mary Hardin-Baylor   |   3 | 0.604 | 0.761 | 1.261 | 0.782
  738 | Hendrix              |   3 | 0.603 | 0.809 | 1.342 | 0.761
  739 | Howard Payne         |   3 | 0.602 | 0.814 | 1.352 | 0.795
  740 | Roger Williams       |   3 | 0.601 | 0.758 | 1.262 | 0.757
  741 | Chapman              |   3 | 0.600 | 0.795 | 1.324 | 0.757
  742 | Endicott             |   3 | 0.599 | 0.762 | 1.272 | 0.744
  743 | York (PA)            |   3 | 0.599 | 0.756 | 1.262 | 0.763
  744 | UMass Boston         |   3 | 0.598 | 0.765 | 1.281 | 0.770
  745 | Tex. Permian Basin   |   2 | 0.598 | 0.769 | 1.286 | 0.875
  746 | Stillman             |   2 | 0.597 | 0.823 | 1.379 | 0.838
  747 | Greenville           |   3 | 0.596 | 0.728 | 1.222 | 0.720
  748 | Nazareth             |   3 | 0.595 | 0.788 | 1.324 | 0.736
  749 | Heidelberg           |   3 | 0.595 | 0.777 | 1.305 | 0.815
  750 | CWRU                 |   3 | 0.595 | 0.813 | 1.367 | 0.820
  751 | Wis. Lutheran        |   3 | 0.595 | 0.711 | 1.194 | 0.753
  752 | Austin               |   3 | 0.595 | 0.808 | 1.358 | 0.765
  753 | McDaniel             |   3 | 0.594 | 0.710 | 1.196 | 0.748
  754 | St. Joseph's (ME)    |   3 | 0.594 | 0.781 | 1.314 | 0.747
  755 | Western New Eng.     |   3 | 0.594 | 0.762 | 1.282 | 0.746
  756 | Coe                  |   3 | 0.594 | 0.848 | 1.427 | 0.784
  757 | Coast Guard          |   3 | 0.593 | 0.743 | 1.254 | 0.765
  758 | Marietta             |   3 | 0.593 | 0.778 | 1.312 | 0.798
  759 | AUM                  |   2 | 0.592 | 0.747 | 1.261 | 0.930
  760 | Framingham St.       |   3 | 0.591 | 0.794 | 1.344 | 0.720
  761 | Wash. & Lee          |   3 | 0.591 | 0.751 | 1.271 | 0.738
  762 | Concordia (TX)       |   3 | 0.590 | 0.761 | 1.290 | 0.776
  763 | Alabama A&M          |   1 | 0.590 | 0.767 | 1.300 | 0.917
  764 | Wheaton (MA)         |   3 | 0.588 | 0.780 | 1.328 | 0.750
  765 | Wash. & Jeff.        |   3 | 0.588 | 0.839 | 1.428 | 0.751
  766 | Nyack                |   2 | 0.588 | 0.805 | 1.367 | 0.827
  767 | SUNY Oneonta         |   3 | 0.588 | 0.691 | 1.176 | 0.759
  768 | Western Conn. St.    |   3 | 0.587 | 0.836 | 1.426 | 0.775
  769 | John Carroll         |   3 | 0.586 | 0.809 | 1.379 | 0.804
  770 | N.M. Highlands       |   2 | 0.585 | 0.786 | 1.344 | 0.872
  771 | Springfield          |   3 | 0.585 | 0.728 | 1.246 | 0.764
  772 | Cabrini              |   3 | 0.584 | 0.730 | 1.250 | 0.724
  773 | Westfield St.        |   3 | 0.584 | 1.002 | 1.715 | 0.715
  774 | Bates                |   3 | 0.583 | 0.745 | 1.278 | 0.818
  775 | Plattsburgh St.      |   3 | 0.580 | 0.760 | 1.309 | 0.767
  776 | Husson               |   3 | 0.579 | 0.815 | 1.406 | 0.719
  777 | TCNJ                 |   3 | 0.579 | 0.704 | 1.216 | 0.779
  778 | Guilford             |   3 | 0.579 | 0.765 | 1.322 | 0.737
  779 | Emory & Henry        |   3 | 0.577 | 0.784 | 1.359 | 0.727
  780 | Tuskegee             |   2 | 0.576 | 0.690 | 1.198 | 0.846
  781 | Kean                 |   3 | 0.576 | 0.848 | 1.471 | 0.762
  782 | Millsaps             |   3 | 0.576 | 0.649 | 1.126 | 0.771
  783 | Salisbury            |   3 | 0.575 | 0.698 | 1.212 | 0.779
  784 | East. Mennonite      |   3 | 0.575 | 0.813 | 1.413 | 0.726
  785 | Smith                |   3 | 0.575 | 0.758 | 1.319 | 0.781
  786 | St. Lawrence         |   3 | 0.575 | 0.740 | 1.287 | 0.760
  787 | Converse             |   2 | 0.572 | 0.794 | 1.389 | 0.844
  788 | Vassar               |   3 | 0.572 | 0.760 | 1.329 | 0.782
  789 | Skidmore             |   3 | 0.571 | 0.806 | 1.411 | 0.775
  790 | MSOE                 |   3 | 0.571 | 0.727 | 1.273 | 0.743
  791 | Lane                 |   2 | 0.571 | 0.722 | 1.265 | 0.849
  792 | Trinity (CT)         |   3 | 0.570 | 0.721 | 1.265 | 0.753
  793 | Widener              |   3 | 0.569 | 0.800 | 1.407 | 0.787
  794 | Holy Names           |   2 | 0.569 | 0.705 | 1.239 | 0.849
  795 | Wm. Paterson         |   3 | 0.569 | 0.735 | 1.291 | 0.762
  796 | Lees-McRae           |   2 | 0.568 | 0.773 | 1.361 | 0.841
  797 | St. Catherine        |   3 | 0.568 | 0.784 | 1.378 | 0.767
  798 | LeMoyne-Owen         |   2 | 0.568 | 0.784 | 1.380 | 0.846
  799 | Manhattanville       |   3 | 0.567 | 0.758 | 1.336 | 0.747
  800 | Eastern              |   3 | 0.567 | 0.784 | 1.383 | 0.772
  801 | Kenyon               |   3 | 0.567 | 0.685 | 1.207 | 0.771
  802 | Western St.          |   2 | 0.566 | 0.731 | 1.292 | 0.873
  803 | Belmont Abbey        |   2 | 0.566 | 0.814 | 1.438 | 0.847
  804 | Fredonia             |   3 | 0.566 | 0.805 | 1.423 | 0.752
  805 | Chaminade            |   2 | 0.566 | 0.758 | 1.339 | 0.844
  806 | Rensselaer           |   3 | 0.566 | 0.768 | 1.356 | 0.771
  807 | Concordia (CA)       |   2 | 0.565 | 0.800 | 1.417 | 0.864
  808 | Westminster (MO)     |   3 | 0.565 | 0.786 | 1.391 | 0.729
  809 | Carthage             |   3 | 0.565 | 0.753 | 1.333 | 0.806
  810 | Brockport            |   3 | 0.565 | 0.784 | 1.386 | 0.767
  811 | St. Olaf             |   3 | 0.563 | 0.680 | 1.207 | 0.786
  812 | Hawaii Hilo          |   2 | 0.563 | 0.695 | 1.233 | 0.858
  813 | Northwestern Okla.   |   2 | 0.562 | 0.741 | 1.318 | 0.879
  814 | Middlebury           |   3 | 0.562 | 0.717 | 1.275 | 0.791
  815 | Linfield             |   3 | 0.561 | 0.779 | 1.390 | 0.765
  816 | Texas-Dallas         |   3 | 0.561 | 0.732 | 1.306 | 0.778
  817 | Gwynedd Mercy        |   3 | 0.561 | 0.723 | 1.288 | 0.707
  818 | Wilmington (OH)      |   3 | 0.559 | 0.752 | 1.346 | 0.812
  819 | SUNY Cortland        |   3 | 0.559 | 0.762 | 1.363 | 0.765
  820 | Augustana (IL)       |   3 | 0.559 | 0.743 | 1.329 | 0.771
  821 | Delaware Valley      |   3 | 0.558 | 0.742 | 1.329 | 0.763
  822 | Concord              |   2 | 0.558 | 0.753 | 1.349 | 0.857
  823 | Okla. Panhandle      |   2 | 0.558 | 0.772 | 1.384 | 0.876
  824 | Oberlin              |   3 | 0.557 | 0.693 | 1.244 | 0.768
  825 | Lakeland             |   3 | 0.557 | 0.730 | 1.310 | 0.743
  826 | East Tex. Baptist    |   3 | 0.556 | 0.762 | 1.371 | 0.771
  827 | Mercy                |   2 | 0.556 | 0.713 | 1.283 | 0.852
  828 | Johns Hopkins        |   3 | 0.556 | 0.653 | 1.174 | 0.777
  829 | King's (PA)          |   3 | 0.556 | 0.733 | 1.320 | 0.780
  830 | Lycoming             |   3 | 0.555 | 0.731 | 1.317 | 0.778
  831 | William Smith        |   3 | 0.554 | 0.743 | 1.340 | 0.792
  832 | Benedictine (IL)     |   3 | 0.554 | 0.681 | 1.230 | 0.739
  833 | Allegheny            |   3 | 0.554 | 0.828 | 1.496 | 0.764
  834 | LaGrange             |   3 | 0.553 | 0.655 | 1.185 | 0.730
  835 | Georgian Court       |   2 | 0.553 | 0.784 | 1.417 | 0.849
  836 | Dickinson            |   3 | 0.552 | 0.676 | 1.223 | 0.750
  837 | Rhodes               |   3 | 0.551 | 0.702 | 1.273 | 0.772
  838 | Texas Lutheran       |   3 | 0.551 | 0.761 | 1.382 | 0.773
  839 | Hanover              |   3 | 0.550 | 0.886 | 1.611 | 0.767
  840 | Northwestern-St.Paul |   3 | 0.549 | 0.729 | 1.327 | 0.721
  841 | Willamette           |   3 | 0.547 | 0.694 | 1.269 | 0.780
  842 | Wis.-La Crosse       |   3 | 0.547 | 0.723 | 1.320 | 0.807
  843 | Aurora               |   3 | 0.546 | 0.719 | 1.317 | 0.749
  844 | Lancaster Bible      |   3 | 0.546 | 0.772 | 1.414 | 0.674
  845 | UC Santa Cruz        |   3 | 0.545 | 0.724 | 1.329 | 0.764
  846 | Queens (NC)          |   2 | 0.544 | 0.692 | 1.271 | 0.875
  847 | Wesleyan (CT)        |   3 | 0.543 | 0.730 | 1.344 | 0.806
  848 | Notre Dame de Namur  |   2 | 0.543 | 0.715 | 1.316 | 0.844
  849 | Adrian               |   3 | 0.540 | 0.749 | 1.387 | 0.783
  850 | Concordia (NY)       |   2 | 0.539 | 0.677 | 1.256 | 0.842
  851 | Haverford            |   3 | 0.538 | 0.627 | 1.165 | 0.744
  852 | Neb. Wesleyan        |   3 | 0.537 | 0.660 | 1.228 | 0.796
  853 | Oglethorpe           |   3 | 0.537 | 0.723 | 1.347 | 0.759
  854 | Southern Wesleyan    |   2 | 0.536 | 0.791 | 1.477 | 0.850
  855 | Sage Colleges        |   3 | 0.536 | 0.686 | 1.279 | 0.700
  856 | Rhode Island Col.    |   3 | 0.535 | 0.686 | 1.281 | 0.818
  857 | Emerson              |   3 | 0.535 | 0.714 | 1.336 | 0.748
  858 | Regis (MA)           |   3 | 0.535 | 0.709 | 1.324 | 0.667
  859 | Rutgers-Camden       |   3 | 0.534 | 0.706 | 1.323 | 0.727
  860 | Eastern Nazarene     |   3 | 0.534 | 0.700 | 1.310 | 0.722
  861 | Pacific Lutheran     |   3 | 0.534 | 0.707 | 1.324 | 0.795
  862 | Schreiner            |   3 | 0.533 | 0.702 | 1.317 | 0.776
  863 | Millikin             |   3 | 0.531 | 0.707 | 1.331 | 0.774
  864 | Dowling              |   2 | 0.530 | 0.729 | 1.376 | 0.854
  865 | Muskingum            |   3 | 0.530 | 0.744 | 1.404 | 0.804
  866 | Pacific (OR)         |   3 | 0.530 | 0.711 | 1.340 | 0.792
  867 | Randolph-Macon       |   3 | 0.529 | 0.834 | 1.576 | 0.757
  868 | Juniata              |   3 | 0.528 | 0.719 | 1.362 | 0.776
  869 | Olivet               |   3 | 0.528 | 0.690 | 1.308 | 0.776
  870 | Hamilton             |   3 | 0.528 | 0.689 | 1.305 | 0.792
  871 | Brooklyn             |   3 | 0.527 | 0.652 | 1.237 | 0.699
  872 | Ohio Valley          |   2 | 0.527 | 0.716 | 1.359 | 0.833
  873 | Hardin-Simmons       |   3 | 0.526 | 0.785 | 1.494 | 0.776
  874 | Fresno Pacific       |   2 | 0.526 | 0.706 | 1.341 | 0.857
  875 | Albion               |   3 | 0.526 | 0.703 | 1.337 | 0.781
  876 | Grinnell             |   3 | 0.525 | 0.699 | 1.333 | 0.738
  877 | Ferrum               |   3 | 0.524 | 0.680 | 1.298 | 0.742
  878 | Dubuque              |   3 | 0.523 | 0.779 | 1.490 | 0.800
  879 | Staten Island        |   3 | 0.523 | 0.763 | 1.458 | 0.680
  880 | Goucher              |   3 | 0.522 | 0.700 | 1.342 | 0.766
  881 | Spalding             |   3 | 0.522 | 0.713 | 1.365 | 0.717
  882 | Bridgewater (VA)     |   3 | 0.521 | 0.795 | 1.524 | 0.747
  883 | Redlands             |   3 | 0.521 | 0.632 | 1.213 | 0.754
  884 | Mississippi Val.     |   1 | 0.520 | 0.726 | 1.396 | 0.940
  885 | Bridgewater St.      |   3 | 0.519 | 0.732 | 1.411 | 0.751
  886 | Roanoke              |   3 | 0.519 | 0.751 | 1.447 | 0.722
  887 | Ursinus              |   3 | 0.519 | 0.692 | 1.334 | 0.761
  888 | Felician             |   2 | 0.519 | 0.692 | 1.333 | 0.837
  889 | Suffolk              |   3 | 0.516 | 0.719 | 1.395 | 0.730
  890 | Defiance             |   3 | 0.515 | 0.746 | 1.448 | 0.789
  891 | Adams St.            |   2 | 0.514 | 0.705 | 1.371 | 0.870
  892 | Hartwick             |   3 | 0.514 | 0.634 | 1.233 | 0.765
  893 | Arcadia              |   3 | 0.514 | 0.686 | 1.333 | 0.772
  894 | Louisiana Col.       |   3 | 0.513 | 0.730 | 1.423 | 0.800
  895 | Albertus Magnus      |   3 | 0.513 | 0.783 | 1.525 | 0.723
  896 | SUNY Poly            |   3 | 0.513 | 0.673 | 1.310 | 0.695
  897 | Wis.-Platteville     |   3 | 0.513 | 0.744 | 1.451 | 0.817
  898 | Southwestern (TX)    |   3 | 0.513 | 0.705 | 1.374 | 0.769
  899 | Centre               |   3 | 0.512 | 0.650 | 1.268 | 0.784
  900 | Waynesburg           |   3 | 0.512 | 0.769 | 1.501 | 0.753
  901 | Norwich              |   3 | 0.512 | 0.715 | 1.398 | 0.718
  902 | Drew                 |   3 | 0.512 | 0.660 | 1.289 | 0.790
  903 | Alma                 |   3 | 0.511 | 0.720 | 1.408 | 0.761
  904 | Maine Maritime       |   3 | 0.511 | 0.666 | 1.303 | 0.692
  905 | Marywood             |   3 | 0.510 | 0.705 | 1.381 | 0.692
  906 | Saint Vincent        |   3 | 0.510 | 0.709 | 1.391 | 0.746
  907 | Wittenberg           |   3 | 0.509 | 0.632 | 1.241 | 0.783
  908 | Mt. St. Vincent      |   3 | 0.508 | 0.714 | 1.407 | 0.688
  909 | Hiram                |   3 | 0.507 | 0.665 | 1.312 | 0.761
  910 | Post                 |   2 | 0.506 | 0.696 | 1.377 | 0.849
  911 | Methodist            |   3 | 0.505 | 0.652 | 1.290 | 0.717
  912 | Sewanee              |   3 | 0.503 | 0.736 | 1.462 | 0.750
  913 | Carroll (WI)         |   3 | 0.502 | 0.701 | 1.396 | 0.745
  914 | Lake Forest          |   3 | 0.502 | 0.687 | 1.369 | 0.753
  915 | Misericordia         |   3 | 0.502 | 0.713 | 1.419 | 0.783
  916 | Illinois Col.        |   3 | 0.500 | 0.684 | 1.367 | 0.730
  917 | Lewis & Clark        |   3 | 0.499 | 0.695 | 1.392 | 0.793
  918 | Va. Wesleyan         |   3 | 0.499 | 0.718 | 1.438 | 0.759
  919 | Ripon                |   3 | 0.498 | 0.641 | 1.288 | 0.744
  920 | Sul Ross St.         |   3 | 0.498 | 0.671 | 1.345 | 0.779
  921 | Buffalo St.          |   3 | 0.498 | 0.782 | 1.569 | 0.757
  922 | Rutgers-Newark       |   3 | 0.498 | 0.715 | 1.436 | 0.759
  923 | Berry                |   3 | 0.494 | 0.678 | 1.373 | 0.753
  924 | Penn St. Harrisburg  |   3 | 0.494 | 0.706 | 1.428 | 0.761
  925 | Pitt.-Bradford       |   3 | 0.494 | 0.769 | 1.557 | 0.715
  926 | McMurry              |   3 | 0.493 | 0.708 | 1.436 | 0.786
  927 | La Verne             |   3 | 0.492 | 0.730 | 1.482 | 0.765
  928 | Alverno              |   3 | 0.492 | 0.715 | 1.454 | 0.721
  929 | Bethany Lutheran     |   3 | 0.491 | 0.730 | 1.486 | 0.720
  930 | Neumann              |   3 | 0.491 | 0.731 | 1.490 | 0.684
  931 | Webster              |   3 | 0.490 | 0.691 | 1.409 | 0.730
  932 | Earlham              |   3 | 0.490 | 0.757 | 1.545 | 0.770
  933 | Old Westbury         |   3 | 0.490 | 0.738 | 1.505 | 0.666
  934 | New England Col.     |   3 | 0.489 | 0.677 | 1.383 | 0.676
  935 | Swarthmore           |   3 | 0.488 | 0.686 | 1.404 | 0.758
  936 | Oakland City         |   2 | 0.487 | 0.735 | 1.508 | 0.870
  937 | Saint Augustine's    |   2 | 0.486 | 0.691 | 1.422 | 0.862
  938 | Macalester           |   3 | 0.486 | 0.693 | 1.427 | 0.781
  939 | Mt. St. Joseph       |   3 | 0.484 | 0.686 | 1.418 | 0.793
  940 | Concordia Chicago    |   3 | 0.484 | 0.794 | 1.640 | 0.724
  941 | Ozarks (AR)          |   3 | 0.483 | 0.701 | 1.454 | 0.784
  942 | Greensboro           |   3 | 0.483 | 0.703 | 1.456 | 0.730
  943 | Ohio Wesleyan        |   3 | 0.482 | 0.730 | 1.514 | 0.782
  944 | Alvernia             |   3 | 0.482 | 0.696 | 1.443 | 0.769
  945 | Pomona-Pitzer        |   3 | 0.481 | 0.702 | 1.460 | 0.768
  946 | Salem Int'l          |   2 | 0.481 | 0.704 | 1.465 | 0.851
  947 | Averett              |   3 | 0.480 | 0.761 | 1.587 | 0.721
  948 | Lehman               |   3 | 0.479 | 0.751 | 1.567 | 0.693
  949 | Wooster              |   3 | 0.479 | 0.713 | 1.489 | 0.771
  950 | St. Mary's (MD)      |   3 | 0.479 | 0.661 | 1.381 | 0.770
  951 | Beloit               |   3 | 0.478 | 0.753 | 1.577 | 0.742
  952 | CCNY                 |   3 | 0.477 | 0.669 | 1.403 | 0.679
  953 | Centenary (LA)       |   3 | 0.477 | 0.731 | 1.533 | 0.763
  954 | Mt. St. Mary (NY)    |   3 | 0.477 | 0.596 | 1.249 | 0.696
  955 | Grove City           |   3 | 0.477 | 0.625 | 1.311 | 0.744
  956 | Penn St.-Behrend     |   3 | 0.476 | 0.652 | 1.371 | 0.717
  957 | Centenary (NJ)       |   3 | 0.475 | 0.679 | 1.430 | 0.685
  958 | Martin Luther        |   3 | 0.474 | 0.676 | 1.425 | 0.728
  959 | Wesley               |   3 | 0.474 | 0.706 | 1.489 | 0.774
  960 | Hamline              |   3 | 0.474 | 0.659 | 1.390 | 0.780
  961 | Salve Regina         |   3 | 0.474 | 0.655 | 1.383 | 0.751
  962 | Whittier             |   3 | 0.473 | 0.733 | 1.551 | 0.751
  963 | Fontbonne            |   3 | 0.471 | 0.754 | 1.603 | 0.732
  964 | St. Scholastica      |   3 | 0.471 | 0.695 | 1.477 | 0.733
  965 | Bethany (WV)         |   3 | 0.470 | 0.743 | 1.580 | 0.747
  966 | Minn.-Morris         |   3 | 0.468 | 0.680 | 1.452 | 0.718
  967 | Curry                |   3 | 0.468 | 0.671 | 1.434 | 0.759
  968 | Merchant Marine      |   3 | 0.468 | 0.614 | 1.312 | 0.752
  969 | Johnson St.          |   3 | 0.468 | 0.668 | 1.430 | 0.705
  970 | Occidental           |   3 | 0.466 | 0.629 | 1.348 | 0.754
  971 | Eureka               |   3 | 0.466 | 0.661 | 1.418 | 0.730
  972 | MCLA                 |   3 | 0.465 | 0.627 | 1.348 | 0.694
  973 | Utica                |   3 | 0.464 | 0.694 | 1.497 | 0.746
  974 | Me.-Farmington       |   3 | 0.463 | 0.670 | 1.447 | 0.714
  975 | Anderson (IN)        |   3 | 0.463 | 0.678 | 1.464 | 0.783
  976 | Rust                 |   3 | 0.461 | 0.702 | 1.522 | 0.770
  977 | Central (IA)         |   3 | 0.460 | 0.643 | 1.398 | 0.773
  978 | Ramapo               |   3 | 0.460 | 0.586 | 1.273 | 0.766
  979 | Manchester           |   3 | 0.460 | 0.612 | 1.330 | 0.778
  980 | Frank. & Marsh.      |   3 | 0.458 | 0.664 | 1.451 | 0.764
  981 | Knox                 |   3 | 0.457 | 0.847 | 1.852 | 0.729
  982 | Dallas               |   3 | 0.456 | 0.632 | 1.388 | 0.755
  983 | Morrisville St.      |   3 | 0.456 | 0.631 | 1.386 | 0.675
  984 | Wells                |   3 | 0.455 | 0.723 | 1.590 | 0.682
  985 | Huntingdon           |   3 | 0.454 | 0.688 | 1.517 | 0.720
  986 | Clark (MA)           |   3 | 0.453 | 0.681 | 1.504 | 0.746
  987 | Houghton             |   3 | 0.452 | 0.641 | 1.417 | 0.741
  988 | Kalamazoo            |   3 | 0.450 | 0.674 | 1.497 | 0.775
  989 | P.R.-Rio Piedras     |   2 | 0.449 | 0.567 | 1.264 | 0.882
  990 | Chatham              |   3 | 0.449 | 0.718 | 1.599 | 0.738
  991 | Mount Aloysius       |   3 | 0.448 | 0.628 | 1.403 | 0.709
  992 | Rosemont             |   3 | 0.447 | 0.697 | 1.559 | 0.688
  993 | Colby-Sawyer         |   3 | 0.447 | 0.589 | 1.320 | 0.693
  994 | Geneva               |   3 | 0.447 | 0.723 | 1.619 | 0.732
  995 | Edgewood             |   3 | 0.446 | 0.631 | 1.416 | 0.753
  996 | Baruch               |   3 | 0.445 | 0.655 | 1.471 | 0.723
  997 | St. Mary's (IN)      |   3 | 0.444 | 0.655 | 1.477 | 0.792
  998 | Meredith             |   3 | 0.444 | 0.673 | 1.514 | 0.739
  999 | Shenandoah           |   3 | 0.439 | 0.610 | 1.389 | 0.757
 1000 | Monmouth (IL)        |   3 | 0.436 | 0.700 | 1.607 | 0.757
 1001 | Hilbert              |   3 | 0.436 | 0.581 | 1.332 | 0.698
 1002 | Pine Manor           |   3 | 0.436 | 0.759 | 1.740 | 0.681
 1003 | Wentworth            |   3 | 0.436 | 0.562 | 1.290 | 0.733
 1004 | Plymouth St.         |   3 | 0.435 | 0.616 | 1.415 | 0.752
 1005 | Pitt.-Greensburg     |   3 | 0.434 | 0.672 | 1.548 | 0.707
 1006 | Southern Va.         |   3 | 0.433 | 0.791 | 1.824 | 0.762
 1007 | Covenant             |   3 | 0.431 | 0.648 | 1.501 | 0.717
 1008 | Worcester St.        |   3 | 0.431 | 0.609 | 1.412 | 0.717
 1009 | Elmira               |   3 | 0.430 | 0.658 | 1.530 | 0.764
 1010 | Northland            |   3 | 0.427 | 0.636 | 1.492 | 0.717
 1011 | N.C. Wesleyan        |   3 | 0.425 | 0.675 | 1.590 | 0.721
 1012 | Lasell               |   3 | 0.424 | 0.634 | 1.495 | 0.711
 1013 | Wilkes               |   3 | 0.424 | 0.606 | 1.429 | 0.776
 1014 | Hood                 |   3 | 0.422 | 0.615 | 1.458 | 0.782
 1015 | Bard                 |   3 | 0.420 | 0.581 | 1.383 | 0.766
 1016 | Rivier               |   3 | 0.418 | 0.671 | 1.606 | 0.723
 1017 | Wellesley            |   3 | 0.418 | 0.531 | 1.269 | 0.749
 1018 | Wheelock             |   3 | 0.416 | 0.622 | 1.498 | 0.639
 1019 | Nichols              |   3 | 0.414 | 0.620 | 1.498 | 0.758
 1020 | Penn St.-Abington    |   3 | 0.414 | 0.637 | 1.539 | 0.643
 1021 | Marian (WI)          |   3 | 0.413 | 0.603 | 1.462 | 0.727
 1022 | Washington Col.      |   3 | 0.412 | 0.598 | 1.452 | 0.755
 1023 | Colorado Col.        |   3 | 0.409 | 0.654 | 1.600 | 0.759
 1024 | Oswego St.           |   3 | 0.409 | 0.590 | 1.443 | 0.763
 1025 | Mitchell             |   3 | 0.409 | 0.583 | 1.427 | 0.666
 1026 | Anna Maria           |   3 | 0.409 | 0.635 | 1.553 | 0.718
 1027 | Randolph             |   3 | 0.408 | 0.647 | 1.587 | 0.737
 1028 | Elms                 |   3 | 0.407 | 0.623 | 1.529 | 0.658
 1029 | Salem St.            |   3 | 0.406 | 0.619 | 1.523 | 0.722
 1030 | Bluefield St.        |   2 | 0.406 | 0.608 | 1.499 | 0.823
 1031 | North Central (MN)   |   3 | 0.405 | 0.608 | 1.501 | 0.719
 1032 | D'Youville           |   3 | 0.404 | 0.638 | 1.579 | 0.704
 1033 | Gallaudet            |   3 | 0.401 | 0.596 | 1.486 | 0.688
 1034 | Farmingdale St.      |   3 | 0.401 | 0.621 | 1.550 | 0.725
 1035 | Carleton             |   3 | 0.400 | 0.555 | 1.390 | 0.794
 1036 | Franciscan           |   3 | 0.395 | 0.628 | 1.590 | 0.710
 1037 | Frostburg St.        |   3 | 0.395 | 0.621 | 1.570 | 0.766
 1038 | Keuka                |   3 | 0.395 | 0.539 | 1.366 | 0.686
 1039 | Thiel                |   3 | 0.392 | 0.630 | 1.610 | 0.751
 1040 | Dominican (IL)       |   3 | 0.391 | 0.639 | 1.637 | 0.741
 1041 | St. Elizabeth        |   3 | 0.391 | 0.660 | 1.688 | 0.685
 1042 | Westminster (PA)     |   3 | 0.391 | 0.575 | 1.472 | 0.756
 1043 | Simmons              |   3 | 0.389 | 0.562 | 1.445 | 0.710
 1044 | Cobleskill St.       |   3 | 0.387 | 0.576 | 1.489 | 0.698
 1045 | St. Joseph's (Brkln) |   3 | 0.387 | 0.690 | 1.783 | 0.703
 1046 | St. Joseph (CT)      |   3 | 0.385 | 0.651 | 1.694 | 0.735
 1047 | St. Joseph's (L.I.)  |   3 | 0.385 | 0.587 | 1.526 | 0.694
 1048 | Penn St.-Altoona     |   3 | 0.383 | 0.616 | 1.609 | 0.713
 1049 | Principia            |   3 | 0.381 | 0.591 | 1.550 | 0.732
 1050 | Southern Vt.         |   3 | 0.380 | 0.701 | 1.845 | 0.649
 1051 | Gordon               |   3 | 0.376 | 0.535 | 1.421 | 0.729
 1052 | Mount Ida            |   3 | 0.375 | 0.649 | 1.731 | 0.730
 1053 | Valley Forge         |   3 | 0.373 | 0.566 | 1.518 | 0.616
 1054 | Medaille             |   3 | 0.372 | 0.657 | 1.764 | 0.716
 1055 | Trinity Washington   |   3 | 0.369 | 0.601 | 1.628 | 0.658
 1056 | Salem                |   3 | 0.368 | 0.646 | 1.755 | 0.705
 1057 | Maranatha Baptist    |   3 | 0.368 | 0.520 | 1.411 | 0.622
 1058 | Hunter               |   3 | 0.367 | 0.603 | 1.642 | 0.700
 1059 | Rockford             |   3 | 0.367 | 0.658 | 1.796 | 0.725
 1060 | Finlandia            |   3 | 0.364 | 0.630 | 1.730 | 0.728
 1061 | MacMurray            |   3 | 0.364 | 0.627 | 1.723 | 0.732
 1062 | Alfred               |   3 | 0.363 | 0.598 | 1.645 | 0.748
 1063 | William Peace        |   3 | 0.363 | 0.563 | 1.552 | 0.713
 1064 | SUNY Canton          |   3 | 0.359 | 0.625 | 1.739 | 0.677
 1065 | Cazenovia            |   3 | 0.359 | 0.679 | 1.892 | 0.683
 1066 | Daniel Webster       |   3 | 0.359 | 0.632 | 1.757 | 0.651
 1067 | Hollins              |   3 | 0.356 | 0.564 | 1.584 | 0.725
 1068 | Crown (MN)           |   3 | 0.355 | 0.590 | 1.664 | 0.730
 1069 | Immaculata           |   3 | 0.354 | 0.556 | 1.573 | 0.691
 1070 | New Jersey City      |   3 | 0.354 | 0.539 | 1.523 | 0.762
 1071 | Caltech              |   3 | 0.346 | 0.544 | 1.574 | 0.754
 1072 | Lyndon St.           |   3 | 0.346 | 0.542 | 1.566 | 0.707
 1073 | Newbury              |   3 | 0.344 | 0.544 | 1.583 | 0.660
 1074 | Purchase             |   3 | 0.344 | 0.601 | 1.747 | 0.706
 1075 | Lawrence             |   3 | 0.341 | 0.514 | 1.509 | 0.756
 1076 | York (NY)            |   3 | 0.340 | 0.570 | 1.676 | 0.698
 1077 | New Rochelle         |   3 | 0.337 | 0.575 | 1.709 | 0.669
 1078 | SUNY Potsdam         |   3 | 0.334 | 0.494 | 1.479 | 0.767
 1079 | Agnes Scott          |   3 | 0.327 | 0.517 | 1.582 | 0.714
 1080 | John Jay             |   3 | 0.323 | 0.526 | 1.629 | 0.692
 1081 | Blackburn            |   3 | 0.321 | 0.525 | 1.637 | 0.731
 1082 | Keystone             |   3 | 0.321 | 0.566 | 1.766 | 0.677
 1083 | Notre Dame (MD)      |   3 | 0.320 | 0.551 | 1.723 | 0.657
 1084 | Penn St.-Berks       |   3 | 0.313 | 0.613 | 1.957 | 0.678
 1085 | Wesleyan (GA)        |   3 | 0.305 | 0.500 | 1.641 | 0.700
 1086 | Bay Path             |   3 | 0.300 | 0.564 | 1.881 | 0.651
 1087 | Medgar Evers         |   3 | 0.299 | 0.518 | 1.736 | 0.698
 1088 | Thomas (ME)          |   3 | 0.294 | 0.478 | 1.629 | 0.704
 1089 | Yeshiva              |   3 | 0.292 | 0.486 | 1.662 | 0.697
 1090 | Bryn Mawr            |   3 | 0.292 | 0.510 | 1.748 | 0.692
 1091 | Becker               |   3 | 0.290 | 0.477 | 1.645 | 0.657
 1092 | Cairn                |   3 | 0.274 | 0.464 | 1.697 | 0.665
 1093 | Wilson               |   3 | 0.266 | 0.528 | 1.990 | 0.663
 1094 | Summit               |   3 | 0.264 | 0.458 | 1.734 | 0.668
 1095 | Me.-Presque Isle     |   3 | 0.251 | 0.474 | 1.884 | 0.678
 1096 | Mary Baldwin         |   3 | 0.246 | 0.494 | 2.009 | 0.705
 1097 | Mount Holyoke        |   3 | 0.246 | 0.400 | 1.628 | 0.759
 1098 | Mount Mary           |   3 | 0.245 | 0.389 | 1.590 | 0.694
 1099 | Green Mountain       |   3 | 0.242 | 0.495 | 2.050 | 0.700
 1100 | Fitchburg St.        |   3 | 0.239 | 0.398 | 1.667 | 0.729
 1101 | Cedar Crest          |   3 | 0.238 | 0.414 | 1.738 | 0.680
 1102 | Lesley               |   3 | 0.216 | 0.410 | 1.893 | 0.652
(1102 rows)

COMMIT
